  0.100000000000000     
  0.220040080160321     
  0.340080160320641     
  0.460120240480962     
  0.580160320641283     
  0.700200400801603     
  0.820240480961924     
  0.940280561122244     
   1.06032064128257     
   1.18036072144289     
   1.30040080160321     
   1.42044088176353     
   1.54048096192385     
   1.66052104208417     
   1.78056112224449     
   1.90060120240481     
   2.02064128256513     
   2.14068136272545     
   2.26072144288577     
   2.38076152304609     
   2.50080160320641     
   2.62084168336673     
   2.74088176352705     
   2.86092184368737     
   2.98096192384770     
   3.10100200400802     
   3.22104208416834     
   3.34108216432866     
   3.46112224448898     
   3.58116232464930     
   3.70120240480962     
   3.82124248496994     
   3.94128256513026     
   4.06132264529058     
   4.18136272545090     
   4.30140280561122     
   4.42144288577154     
   4.54148296593186     
   4.66152304609218     
   4.78156312625250     
   4.90160320641283     
   5.02164328657315     
   5.14168336673347     
   5.26172344689379     
   5.38176352705411     
   5.50180360721443     
   5.62184368737475     
   5.74188376753507     
   5.86192384769539     
   5.98196392785571     
   6.10200400801603     
   6.22204408817635     
   6.34208416833667     
   6.46212424849699     
   6.58216432865731     
   6.70220440881763     
   6.82224448897796     
   6.94228456913828     
   7.06232464929860     
   7.18236472945892     
   7.30240480961924     
   7.42244488977956     
   7.54248496993988     
   7.66252505010020     
   7.78256513026052     
   7.90260521042084     
   8.02264529058116     
   8.14268537074148     
   8.26272545090180     
   8.38276553106212     
   8.50280561122244     
   8.62284569138276     
   8.74288577154309     
   8.86292585170341     
   8.98296593186373     
   9.10300601202405     
   9.22304609218437     
   9.34308617234469     
   9.46312625250501     
   9.58316633266533     
   9.70320641282565     
   9.82324649298597     
   9.94328657314629     
   10.0633266533066     
   10.1833667334669     
   10.3034068136273     
   10.4234468937876     
   10.5434869739479     
   10.6635270541082     
   10.7835671342685     
   10.9036072144289     
   11.0236472945892     
   11.1436873747495     
   11.2637274549098     
   11.3837675350701     
   11.5038076152305     
   11.6238476953908     
   11.7438877755511     
   11.8639278557114     
   11.9839679358717     
   12.1040080160321     
   12.2240480961924     
   12.3440881763527     
   12.4641282565130     
   12.5841683366733     
   12.7042084168337     
   12.8242484969940     
   12.9442885771543     
   13.0643286573146     
   13.1843687374749     
   13.3044088176353     
   13.4244488977956     
   13.5444889779559     
   13.6645290581162     
   13.7845691382766     
   13.9046092184369     
   14.0246492985972     
   14.1446893787575     
   14.2647294589178     
   14.3847695390782     
   14.5048096192385     
   14.6248496993988     
   14.7448897795591     
   14.8649298597194     
   14.9849699398798     
   15.1050100200401     
   15.2250501002004     
   15.3450901803607     
   15.4651302605210     
   15.5851703406814     
   15.7052104208417     
   15.8252505010020     
   15.9452905811623     
   16.0653306613226     
   16.1853707414830     
   16.3054108216433     
   16.4254509018036     
   16.5454909819639     
   16.6655310621242     
   16.7855711422846     
   16.9056112224449     
   17.0256513026052     
   17.1456913827655     
   17.2657314629258     
   17.3857715430862     
   17.5058116232465     
   17.6258517034068     
   17.7458917835671     
   17.8659318637275     
   17.9859719438878     
   18.1060120240481     
   18.2260521042084     
   18.3460921843687     
   18.4661322645291     
   18.5861723446894     
   18.7062124248497     
   18.8262525050100     
   18.9462925851703     
   19.0663326653307     
   19.1863727454910     
   19.3064128256513     
   19.4264529058116     
   19.5464929859719     
   19.6665330661323     
   19.7865731462926     
   19.9066132264529     
   20.0266533066132     
   20.1466933867735     
   20.2667334669339     
   20.3867735470942     
   20.5068136272545     
   20.6268537074148     
   20.7468937875752     
   20.8669338677355     
   20.9869739478958     
   21.1070140280561     
   21.2270541082164     
   21.3470941883768     
   21.4671342685371     
   21.5871743486974     
   21.7072144288577     
   21.8272545090180     
   21.9472945891784     
   22.0673346693387     
   22.1873747494990     
   22.3074148296593     
   22.4274549098196     
   22.5474949899800     
   22.6675350701403     
   22.7875751503006     
   22.9076152304609     
   23.0276553106212     
   23.1476953907816     
   23.2677354709419     
   23.3877755511022     
   23.5078156312625     
   23.6278557114228     
   23.7478957915832     
   23.8679358717435     
   23.9879759519038     
   24.1080160320641     
   24.2280561122245     
   24.3480961923848     
   24.4681362725451     
   24.5881763527054     
   24.7082164328657     
   24.8282565130261     
   24.9482965931864     
   25.0683366733467     
   25.1883767535070     
   25.3084168336673     
   25.4284569138277     
   25.5484969939880     
   25.6685370741483     
   25.7885771543086     
   25.9086172344689     
   26.0286573146293     
   26.1486973947896     
   26.2687374749499     
   26.3887775551102     
   26.5088176352705     
   26.6288577154309     
   26.7488977955912     
   26.8689378757515     
   26.9889779559118     
   27.1090180360721     
   27.2290581162325     
   27.3490981963928     
   27.4691382765531     
   27.5891783567134     
   27.7092184368737     
   27.8292585170341     
   27.9492985971944     
   28.0693386773547     
   28.1893787575150     
   28.3094188376754     
   28.4294589178357     
   28.5494989979960     
   28.6695390781563     
   28.7895791583166     
   28.9096192384770     
   29.0296593186373     
   29.1496993987976     
   29.2697394789579     
   29.3897795591182     
   29.5098196392786     
   29.6298597194389     
   29.7498997995992     
   29.8699398797595     
   29.9899799599198     
   30.1100200400802     
   30.2300601202405     
   30.3501002004008     
   30.4701402805611     
   30.5901803607214     
   30.7102204408818     
   30.8302605210421     
   30.9503006012024     
   31.0703406813627     
   31.1903807615230     
   31.3104208416834     
   31.4304609218437     
   31.5505010020040     
   31.6705410821643     
   31.7905811623247     
   31.9106212424850     
   32.0306613226453     
   32.1507014028056     
   32.2707414829659     
   32.3907815631263     
   32.5108216432866     
   32.6308617234469     
   32.7509018036072     
   32.8709418837675     
   32.9909819639279     
   33.1110220440882     
   33.2310621242485     
   33.3511022044088     
   33.4711422845691     
   33.5911823647295     
   33.7112224448898     
   33.8312625250501     
   33.9513026052104     
   34.0713426853707     
   34.1913827655311     
   34.3114228456914     
   34.4314629258517     
   34.5515030060120     
   34.6715430861723     
   34.7915831663327     
   34.9116232464930     
   35.0316633266533     
   35.1517034068136     
   35.2717434869740     
   35.3917835671343     
   35.5118236472946     
   35.6318637274549     
   35.7519038076152     
   35.8719438877756     
   35.9919839679359     
   36.1120240480962     
   36.2320641282565     
   36.3521042084168     
   36.4721442885772     
   36.5921843687375     
   36.7122244488978     
   36.8322645290581     
   36.9523046092184     
   37.0723446893788     
   37.1923847695391     
   37.3124248496994     
   37.4324649298597     
   37.5525050100200     
   37.6725450901804     
   37.7925851703407     
   37.9126252505010     
   38.0326653306613     
   38.1527054108216     
   38.2727454909820     
   38.3927855711423     
   38.5128256513026     
   38.6328657314629     
   38.7529058116232     
   38.8729458917836     
   38.9929859719439     
   39.1130260521042     
   39.2330661322645     
   39.3531062124248     
   39.4731462925852     
   39.5931863727455     
   39.7132264529058     
   39.8332665330661     
   39.9533066132265     
   40.0733466933868     
   40.1933867735471     
   40.3134268537074     
   40.4334669338677     
   40.5535070140281     
   40.6735470941884     
   40.7935871743487     
   40.9136272545090     
   41.0336673346693     
   41.1537074148297     
   41.2737474949900     
   41.3937875751503     
   41.5138276553106     
   41.6338677354709     
   41.7539078156313     
   41.8739478957916     
   41.9939879759519     
   42.1140280561122     
   42.2340681362725     
   42.3541082164329     
   42.4741482965932     
   42.5941883767535     
   42.7142284569138     
   42.8342685370741     
   42.9543086172345     
   43.0743486973948     
   43.1943887775551     
   43.3144288577154     
   43.4344689378757     
   43.5545090180361     
   43.6745490981964     
   43.7945891783567     
   43.9146292585170     
   44.0346693386774     
   44.1547094188377     
   44.2747494989980     
   44.3947895791583     
   44.5148296593186     
   44.6348697394790     
   44.7549098196393     
   44.8749498997996     
   44.9949899799599     
   45.1150300601202     
   45.2350701402806     
   45.3551102204409     
   45.4751503006012     
   45.5951903807615     
   45.7152304609218     
   45.8352705410822     
   45.9553106212425     
   46.0753507014028     
   46.1953907815631     
   46.3154308617234     
   46.4354709418838     
   46.5555110220441     
   46.6755511022044     
   46.7955911823647     
   46.9156312625251     
   47.0356713426854     
   47.1557114228457     
   47.2757515030060     
   47.3957915831663     
   47.5158316633267     
   47.6358717434870     
   47.7559118236473     
   47.8759519038076     
   47.9959919839679     
   48.1160320641283     
   48.2360721442886     
   48.3561122244489     
   48.4761523046092     
   48.5961923847695     
   48.7162324649299     
   48.8362725450902     
   48.9563126252505     
   49.0763527054108     
   49.1963927855711     
   49.3164328657315     
   49.4364729458918     
   49.5565130260521     
   49.6765531062124     
   49.7965931863727     
   49.9166332665331     
   50.0366733466934     
   50.1567134268537     
   50.2767535070140     
   50.3967935871744     
   50.5168336673347     
   50.6368737474950     
   50.7569138276553     
   50.8769539078156     
   50.9969939879759     
   51.1170340681363     
   51.2370741482966     
   51.3571142284569     
   51.4771543086172     
   51.5971943887776     
   51.7172344689379     
   51.8372745490982     
   51.9573146292585     
   52.0773547094188     
   52.1973947895792     
   52.3174348697395     
   52.4374749498998     
   52.5575150300601     
   52.6775551102204     
   52.7975951903808     
   52.9176352705411     
   53.0376753507014     
   53.1577154308617     
   53.2777555110221     
   53.3977955911824     
   53.5178356713427     
   53.6378757515030     
   53.7579158316633     
   53.8779559118236     
   53.9979959919840     
   54.1180360721443     
   54.2380761523046     
   54.3581162324649     
   54.4781563126253     
   54.5981963927856     
   54.7182364729459     
   54.8382765531062     
   54.9583166332665     
   55.0783567134269     
   55.1983967935872     
   55.3184368737475     
   55.4384769539078     
   55.5585170340681     
   55.6785571142285     
   55.7985971943888     
   55.9186372745491     
   56.0386773547094     
   56.1587174348697     
   56.2787575150301     
   56.3987975951904     
   56.5188376753507     
   56.6388777555110     
   56.7589178356713     
   56.8789579158317     
   56.9989979959920     
   57.1190380761523     
   57.2390781563126     
   57.3591182364729     
   57.4791583166333     
   57.5991983967936     
   57.7192384769539     
   57.8392785571142     
   57.9593186372745     
   58.0793587174349     
   58.1993987975952     
   58.3194388777555     
   58.4394789579158     
   58.5595190380762     
   58.6795591182365     
   58.7995991983968     
   58.9196392785571     
   59.0396793587174     
   59.1597194388778     
   59.2797595190381     
   59.3997995991984     
   59.5198396793587     
   59.6398797595190     
   59.7599198396794     
   59.8799599198397     
   60.0000000000000     
