  AA        CEXT     
  0.1          0.006342
  0.2          0.221759
  0.3          0.986161
  0.4          2.066561
  0.5          2.912027
  0.6          3.425058
  0.7          3.232967
  0.8          3.640304
  0.9          5.367139
  1.0          8.788049
  1.1         11.218763
  1.2         12.064685
  1.3         12.431674
  1.4         11.426058
  1.5         15.409745
  1.6         19.800203
  1.7         23.320166
  1.8         25.975372
  1.9         26.541213
  2.0         25.843758
  2.1         28.142534
  2.2         33.585660
  2.3         39.928841
  2.4         45.346548
  2.5         45.210208
  2.6         45.314941
  2.7         45.478979
  2.8         53.023447
  2.9         61.904510
  3.0         66.630564
  3.1         69.321683
  3.2         69.825497
  3.3         70.129870
  3.4         75.641268
  3.5         85.263038
  3.6         93.515356
  3.7         99.276484
  3.8         99.144958
  3.9         99.106036
  4.0        102.609786
  4.1        114.136987
  4.2        126.316586
  4.3        131.135322
  4.4        133.137774
  4.5        133.692271
  4.6        136.622048
  4.7        146.441382
  4.8        159.896110
  4.9        168.537082
  5.0        173.413748
  5.1        173.574728
  5.2        174.855459
  5.3        182.769603
  5.4        198.247471
  5.5        212.082263
  5.6        216.218699
  5.7        217.522159
  5.8        218.816877
  5.9        225.739341
  6.0        240.414731
  6.1        256.506669
  6.2        264.300802
  6.3        267.869138
  6.4        268.789713
  6.5        273.100466
  6.6        286.063987
  6.7        304.735669
  6.8        318.489155
  6.9        321.559277
  7.0        322.654913
  7.1        325.968022
  7.2        337.858303
  7.3        357.041517
  7.4        374.245721
  7.5        380.359519
  7.6        382.749302
  7.7        385.393584
  7.8        394.257193
  7.9        412.315115
  8.0        432.860672
  8.1        445.089237
  8.2        447.027631
  8.3        449.018318
  8.4        455.790081
  8.5        473.075689
  8.6        495.627769
  8.7        512.440007
  8.8        516.426614
  8.9        518.519365
  9.0        524.057447
  9.1        538.556501
  9.2        561.028346
  9.3        581.929321
  9.4        591.590331
  9.5        592.934992
  9.6        597.146656
  9.7        608.742175
  9.8        631.172331
  9.9        655.456328
 10.0        670.518338
 10.1        672.626347
 10.2        675.747033
 10.3        685.411629
 10.4        705.951977
 10.5        731.484628
 10.6        751.305359
 10.7        758.006815
 10.8        759.802531
 10.9        767.579609
 11.0        785.039226
 11.1        811.562777
 11.2        835.891204
 11.3        848.182186
 11.4        849.357625
 11.5        855.012192
 11.6        869.981314
 11.7        895.984616
 11.8        922.985701
 11.9        940.490899
 12.0        944.628237
 12.1        948.237495
 12.2        960.869342
 12.3        984.434489
 12.4       1013.574878
 12.5       1036.362543
 12.6       1045.477971
 12.7       1047.203222
 12.8       1056.895554
 12.9       1077.885393
 13.0       1108.065137
 13.1       1134.865594
 13.2       1149.217340
 13.3       1151.997444
 13.4       1158.863050
 13.5       1177.349492
 13.6       1206.409930
 13.7       1236.494253
 13.8       1256.432596
 13.9       1262.861032
 14.0       1266.770807
 14.1       1281.860595
 14.2       1308.881046
 14.3       1341.531845
 14.4       1366.531311
 14.5       1377.635197
 14.6       1380.694284
 14.7       1392.273593
 14.8       1417.057603
 14.9       1450.277665
 15.0       1479.608825
 15.1       1496.020371
 15.2       1500.938161
 15.3       1508.703229
 15.4       1530.136149
 15.5       1562.418030
 15.6       1595.698322
 15.7       1617.664249
 15.8       1626.146205
 15.9       1631.358816
 16.0       1648.909506
 16.1       1679.675032
 16.2       1715.316367
 16.3       1742.369121
 16.4       1755.330502
 16.5       1760.420180
 16.6       1773.588639
 16.7       1801.592993
 16.8       1837.822166
 16.9       1869.911465
 17.0       1888.249194
 17.1       1895.359708
 17.2       1904.630857
 17.3       1928.875523
 17.4       1964.700044
 17.5       2000.790632
 17.6       2024.498602
 17.7       2034.827117
 17.8       2042.043670
 17.9       2061.768060
 18.0       2095.883916
 18.1       2134.308868
 18.2       2163.684852
 18.3       2178.581377
 18.4       2185.995953
 18.5       2201.004471
 18.6       2232.007232
 18.7       2271.448300
 18.8       2306.074992
 18.9       2326.066823
 19.0       2335.119077
 19.1       2346.476000
 19.2       2373.311007
 19.3       2412.448760
 19.4       2451.102154
 19.5       2476.836456
 19.6       2489.137827
 19.7       2498.829242
 19.8       2520.740246
 19.9       2557.886382
 20.0       2599.144167
 20.1       2630.798540
 20.2       2647.379613
 20.3       2656.954110
 20.4       2674.185998
 20.5       2707.998606
 20.6       2750.587435
 20.7       2787.593116
 20.8       2809.439928
 20.9       2820.584337
 21.0       2834.534306
 21.1       2863.815016
 21.2       2905.921051
 21.3       2947.046292
 21.4       2974.848671
 21.5       2988.978491
 21.6       3001.091472
 21.7       3025.357235
 21.8       3065.398410
 21.9       3109.525034
 22.0       3143.424079
 22.1       3161.834458
 22.2       3173.679080
 22.3       3193.550856
 22.4       3229.985842
 22.5       3275.369973
 22.6       3314.584822
 22.7       3338.381856
 22.8       3351.564459
 22.9       3368.158312
 23.0       3399.927374
 23.1       3444.861875
 23.2       3488.558694
 23.3       3518.526575
 23.4       3534.570780
 23.5       3549.155394
 23.6       3576.063187
 23.7       3618.770163
 23.8       3665.473930
 23.9       3701.447002
 24.0       3721.776949
 24.1       3735.913495
 24.2       3758.568673
 24.3       3797.575472
 24.4       3845.628494
 24.5       3887.173056
 24.6       3913.083044
 24.7       3928.371091
 24.8       3947.603262
 24.9       3981.977744
 25.0       4029.509261
 25.1       4075.578414
 25.2       4107.574668
 25.3       4125.632360
 25.4       4142.738345
 25.5       4172.473340
 25.6       4217.767390
 25.7       4266.943668
 25.8       4305.078773
 25.9       4327.535623
 26.0       4343.999164
 26.1       4369.394834
 26.2       4410.950871
 26.3       4461.450034
 26.4       4505.208778
 26.5       4533.190326
 26.6       4550.668299
 26.7       4572.590439
 26.8       4609.762509
 26.9       4659.803382
 27.0       4708.170263
 27.1       4742.256212
 27.2       4762.515505
 27.3       4782.146088
 27.4       4814.662532
 27.5       4862.407066
 27.6       4913.867168
 27.7       4954.125536
 27.8       4978.759505
 27.9       4997.623544
 28.0       5025.812028
 28.1       5070.053407
 28.2       5122.933090
 28.3       5168.863801
 28.4       5198.951363
 28.5       5218.757970
 28.6       5243.348994
 28.7       5283.262054
 28.8       5335.636411
 28.9       5386.155119
 29.0       5422.343402
 29.1       5444.934207
 29.2       5467.155761
 29.3       5502.487021
 29.4       5552.755180
 29.5       5606.452116
 29.6       5648.813104
 29.7       5675.658123
 29.8       5696.992110
 29.9       5727.924312
 30.0       5774.797244
 30.1       5829.891094
 30.2       5877.891959
 30.3       5910.147287
 30.4       5932.444556
 30.5       5959.763883
 30.6       6002.435553
 30.7       6057.151150
 30.8       6109.780965
 30.9       6148.079630
 31.0       6173.031843
 31.1       6197.854883
 31.2       6235.932924
 31.3       6288.670388
 31.4       6344.479799
 31.5       6388.900252
 31.6       6418.040480
 31.7       6442.005898
 31.8       6475.731684
 31.9       6525.231183
 32.0       6582.501494
 32.1       6632.536262
 32.2       6666.979163
 32.3       6691.799917
 32.4       6721.820224
 32.5       6767.163886
 32.6       6824.175625
 32.7       6878.847045
 32.8       6919.265108
 32.9       6946.675186
 33.0       6974.234637
 33.1       7015.082040
 33.2       7070.273132
 33.3       7128.130652
 33.4       7174.575632
 33.5       7206.036895
 33.6       7232.667855
 33.7       7269.134771
 33.8       7321.177393
 33.9       7380.586513
 34.0       7432.637055
 34.1       7469.322607
 34.2       7496.762224
 34.3       7529.571859
 34.4       7577.583524
 34.5       7636.863759
 34.6       7693.506380
 34.7       7736.018675
 34.8       7765.907335
 34.9       7796.233215
 35.0       7839.792302
 35.1       7897.366268
 35.2       7957.244585
 35.3       8005.741042
 35.4       8039.601142
 35.5       8068.984959
 35.6       8108.232003
 35.7       8162.785019
 35.8       8224.296269
 35.9       8278.307261
 36.0       8317.217831
 36.1       8347.293514
 36.2       8382.912788
 36.3       8433.537990
 36.4       8495.038416
 36.5       8553.642030
 36.6       8598.299493
 36.7       8630.752122
 36.8       8663.914751
 36.9       8710.178203
 37.0       8770.082824
 37.1       8831.940938
 37.2       8882.454339
 37.3       8918.708860
 37.4       8950.859604
 37.5       8992.890924
 37.6       9049.912736
 37.7       9113.501443
 37.8       9169.481084
 37.9       9210.677863
 38.0       9243.465819
 38.1       9281.938258
 38.2       9335.139821
 38.3       9398.796184
 38.4       9459.321783
 38.5       9506.113353
 38.6       9541.138054
 38.7       9577.147766
 38.8       9626.107990
 38.9       9688.312821
 39.0       9752.148532
 39.1       9804.705717
 39.2       9843.412112
 39.3       9878.384903
 39.4       9923.216244
 39.5       9982.651227
 39.6      10048.253621
 39.7      10106.172977
 39.8      10149.661990
 39.9      10185.180916
 40.0      10226.514672
 40.1      10282.275629
 40.2      10348.068321
 40.3      10410.532591
 40.4      10459.495798
 40.5      10497.140292
 40.6      10536.025456
 40.7      10587.670790
 40.8      10652.114970
 40.9      10717.876698
 41.0      10772.461205
 41.1      10813.638757
 41.2      10851.456704
 41.3      10899.093166
 41.4      10960.921331
 41.5      11028.527604
 41.6      11088.413672
 41.7      11134.237605
 41.8      11172.520223
 41.9      11216.716753
 42.0      11275.005278
 42.1      11342.877533
 42.2      11407.247334
 42.3      11458.381760
 42.4      11498.671481
 42.5      11540.452862
 42.6      11594.786385
 42.7      11661.450524
 42.8      11729.137257
 42.9      11785.780376
 43.0      11829.468456
 43.1      11870.147019
 43.2      11920.570028
 43.3      11984.746542
 43.4      12054.311739
 43.5      12116.152542
 43.6      12164.325382
 43.7      12205.397399
 43.8      12252.471663
 43.9      12313.286531
 44.0      12383.223929
 44.1      12449.506116
 44.2      12502.841080
 44.3      12545.805878
 44.4      12590.482876
 44.5      12647.472558
 44.6      12716.309452
 44.7      12785.892428
 44.8      12844.600426
 44.9      12890.824226
 45.0      12934.384944
 45.1      12987.600661
 45.2      13054.120382
 45.3      13125.637056
 45.4      13189.444635
 45.5      13239.991183
 45.6      13283.868480
 45.7      13333.806080
 45.8      13397.110295
 45.9      13469.072422
 46.0      13537.254889
 46.1      13592.811128
 46.2      13638.480672
 46.3      13686.067706
 46.4      13745.711371
 46.5      13816.712765
 46.6      13888.191109
 46.7      13948.979821
 46.8      13997.756945
 46.9      14044.200860
 47.0      14100.185559
 47.1      14169.013103
 47.2      14242.454099
 47.3      14308.232291
 47.4      14361.180994
 47.5      14407.891131
 47.6      14460.698549
 47.7      14526.482811
 47.8      14600.460678
 47.9      14670.548117
 48.0      14728.342291
 48.1      14776.726084
 48.2      14827.211849
 48.3      14889.480504
 48.4      14962.618468
 48.5      15035.981194
 48.6      15098.866936
 48.7      15150.227248
 48.8      15199.574689
 48.9      15258.326273
 49.0      15329.448792
 49.1      15404.806776
 49.2      15472.563821
 49.3      15527.929708
 49.4      15577.474105
 49.5      15633.131190
 49.6      15701.366680
 49.7      15777.343003
 49.8      15849.339699
 49.9      15909.396391
 50.0      15960.520034
 50.1      16013.914269
 50.2      16078.798723
 50.3      16154.060188
 50.4      16229.303469
 50.5      16294.296664
 50.6      16348.250821
 50.7      16400.495874
 50.8      16461.990147
 50.9      16535.383514
 51.0      16612.652845
 51.1      16682.405374
 51.2      16740.215544
 51.3      16792.611788
 51.4      16851.117179
 51.5      16921.789790
 51.6      16999.754191
 51.7      17073.661300
 51.8      17135.991047
 51.9      17189.859348
 52.0      17246.150311
 52.1      17313.626534
 52.2      17390.995644
 52.3      17468.124930
 52.4      17535.249385
 52.5      17591.821844
 52.6      17646.972255
 52.7      17711.198163
 52.8      17786.846680
 52.9      17866.021685
 53.0      17937.775679
 53.1      17998.039245
 53.2      18053.285863
 53.3      18114.623650
 53.4      18187.713430
 53.5      18267.660046
 53.6      18343.491900
 53.7      18408.120374
 53.8      18464.750923
 53.9      18523.936205
 54.0      18593.987047
 54.1      18673.449698
 54.2      18752.464899
 54.3      18821.730307
 54.4      18880.927284
 54.5      18938.975724
 54.6      19005.915718
 54.7      19083.805920
 54.8      19164.890684
 54.9      19238.666349
 55.0      19301.405840
 55.1      19359.510959
 55.2      19423.670153
 55.3      19499.157920
 55.4      19581.077053
 55.5      19658.839153
 55.6      19725.777465
 55.7      19785.172562
 55.8      19847.240368
 55.9      19919.849145
 56.0      20001.399604
 56.1      20082.313291
 56.2      20153.741836
 56.3      20215.579184
 56.4      20276.523654
 56.5      20346.160809
 56.6      20426.275522
 56.7      20509.266714
 56.8      20585.073884
 56.9      20650.299467
 57.0      20711.260856
 57.1      20778.227005
 57.2      20856.099448
 57.3      20939.993188
 57.4      21019.703771
 57.5      21088.972401
 57.6      21151.139196
 57.7      21216.078480
 57.8      21291.225887
 57.9      21374.852110
 58.0      21457.667879
 58.1      21531.271904
 58.2      21595.756624
 58.3      21659.590270
 58.4      21731.909733
 58.5      21814.240851
 58.6      21899.147480
 58.7      21977.006755
 58.8      22044.733970
 58.9      22108.549606
 59.0      22178.305337
 59.1      22258.544293
 59.2      22344.407654
 59.3      22426.076502
 59.4      22497.687964
 59.5      22562.628718
 59.6      22630.428748
 59.7      22708.101577
 59.8      22793.801759
 59.9      22878.533906
 60.0      22954.332938
 60.1      23021.473425
 60.2      23088.186078
 60.3      23163.167591
 60.4      23247.701264
 60.5      23334.525971
 60.6      23414.451296
 60.7      23484.690553
 60.8      23551.357284
 60.9      23623.889336
 61.0      23706.485057
 61.1      23794.322701
 61.2      23877.967099
 61.3      23951.937013
 61.4      24019.651964
 61.5      24090.296528
 61.6      24170.475313
 61.7      24258.242183
 61.8      24344.900137
 61.9      24422.909654
 62.0      24492.712215
 62.1      24562.295578
 62.2      24639.925267
 62.3      24726.656505
 62.4      24815.409597
 62.5      24897.418765
 62.6      24970.179699
 62.7      25039.689899
 62.8      25114.978894
 62.9      25199.915876
 63.0      25289.728154
 63.1      25375.362477
 63.2      25451.704987
 63.3      25522.195017
 63.4      25595.671867
 63.5      25678.344159
 63.6      25768.178186
 63.7      25856.776329
 63.8      25937.012139
 63.9      26009.479350
 64.0      26081.919448
 64.1      26162.177831
 64.2      26251.097408
 64.3      26341.786598
 64.4      26425.896357
 64.5      26501.189266
 64.6      26573.537992
 64.7      26651.569507
 64.8      26738.838663
 64.9      26830.631501
 65.0      26918.272083
 65.1      26996.998896
 65.2      27070.259480
 65.3      27146.550629
 65.4      27231.699757
 65.5      27323.599156
 65.6      27414.151069
 65.7      27496.629521
 65.8      27571.766043
 65.9      27647.052674
 66.0      27729.925288
 66.1      27821.028938
 66.2      27913.664853
 66.3      27999.891230
 66.4      28077.722184
 66.5      28152.898711
 66.6      28233.653541
 66.7      28323.243348
 66.8      28417.022338
 66.9      28506.686301
 67.0      28587.810736
 67.1      28663.840107
 67.2      28742.931549
 67.3      28830.545139
 67.4      28924.511206
 67.5      29017.030857
 67.6      29101.765496
 67.7      29179.571036
 67.8      29257.688950
 67.9      29343.158146
 68.0      29436.440983
 68.1      29531.035460
 68.2      29619.396317
 68.3      29699.773539
 68.4      29777.769950
 68.5      29861.232345
 68.6      29953.134362
 68.7      30048.906280
 68.8      30140.609082
 68.9      30224.140438
 69.0      30302.932093
 69.1      30384.806218
 69.2      30474.870582
 69.3      30570.905534
 69.4      30665.409024
 69.5      30752.415689
 69.6      30832.892152
 69.7      30913.828488
 69.8      31001.879130
 69.9      31097.337911
 70.0      31193.902309
 70.1      31284.412542
 70.2      31367.339914
 70.3      31448.144472
 70.4      31534.296849
 70.5      31628.503060
 70.6      31726.276657
 70.7      31820.036207
 70.8      31905.985960
 70.9      31987.535252
 71.0      32072.176181
 71.1      32164.679041
 71.2      32262.785349
 71.3      32359.287085
 71.4      32448.578100
 71.5      32531.723510
 71.6      32615.462945
 71.7      32706.079762
 71.8      32803.712993
 71.9      32902.261155
 72.0      32994.937878
 72.1      33080.420942
 72.2      33164.023191
 72.3      33252.848963
 72.4      33349.351736
 72.5      33449.134903
 72.6      33544.966693
 72.7      33633.342941
 72.8      33717.642353
 72.9      33805.033232
 73.0      33899.963543
 73.1      34000.146174
 73.2      34098.663002
 73.3      34190.252329
 73.4      34276.065651
 73.5      34362.593487
 73.6      34455.761539
 73.7      34555.567304
 73.8      34656.111472
 73.9      34750.969173
 74.0      34839.010719
 74.1      34925.398620
 74.2      35016.881601
 74.3      35115.675414
 74.4      35217.478674
 74.5      35315.400158
 74.6      35406.211880
 74.7      35493.254120
 74.8      35583.378145
 74.9      35680.724665
 75.0      35782.987640
 75.1      35883.534484
 75.2      35977.433669
 75.3      36065.912032
 75.4      36155.213282
 75.5      36250.919086
 75.6      36352.897927
 75.7      36455.452607
 75.8      36552.506980
 75.9      36643.109934
 76.0      36732.271106
 76.1      36826.394744
 76.2      36927.473535
 76.3      37031.306222
 76.4      37131.332967
 76.5      37224.587259
 76.6      37314.364199
 76.7      37407.205360
 76.8      37506.958934
 76.9      37611.308602
 77.0      37713.901932
 77.1      37810.122891
 77.2      37901.262955
 77.3      37993.321959
 77.4      38091.551463
 77.5      38195.703217
 77.6      38300.281701
 77.7      38399.546859
 77.8      38492.712969
 77.9      38584.635122
 78.0      38681.384409
 78.1      38784.744367
 78.2      38890.617644
 78.3      38992.765908
 78.4      39088.469481
 78.5      39180.972144
 78.6      39276.513675
 78.7      39378.664562
 78.8      39485.106552
 78.9      39589.761764
 79.0      39688.315287
 79.1      39782.113275
 79.2      39876.915204
 79.3      39977.656251
 79.4      40083.982772
 79.5      40190.599468
 79.6      40292.089391
 79.7      40387.819482
 79.8      40482.489349
 79.9      40581.848633
 80.0      40687.485491
 80.1      40795.409893
 80.2      40899.695084
 80.3      40997.854027
 80.4      41093.073664
 80.5      41191.300109
 80.6      41295.840457
 80.7      41404.381885
 80.8      41511.114707
 80.9      41612.010809
 81.0      41708.461761
 81.1      41805.990910
 81.2      41909.230945
 81.3      42017.733817
 81.4      42126.402646
 81.5      42230.130731
 81.6      42328.425472
 81.7      42425.830521
 81.8      42527.785671
 81.9      42635.696751
 82.0      42745.683608
 82.1      42852.120759
 82.2      42952.739997
 82.3      43050.666697
 82.4      43151.562000
 82.5      43258.483844
 82.6      43369.131736
 82.7      43477.957557
 82.8      43581.205929
 82.9      43680.305117
 83.0      43780.546823
 83.1      43886.274766
 83.2      43996.956674
 83.3      44107.691648
 83.4      44213.670385
 83.5      44314.529168
 83.6      44414.655959
 83.7      44519.192604
 83.8      44629.375367
 83.9      44741.436044
 84.0      44850.039974
 84.1      44953.124337
 84.2      45053.748699
 84.3      45157.297957
 84.4      45266.594559
 84.5      45379.356471
 84.6      45490.290169
 84.7      45595.899294
 84.8      45697.640843
 84.9      45800.579937
 85.0      45908.784835
 85.1      46021.648774
 85.2      46134.463981
 85.3      46242.705725
 85.4      46346.128037
 85.5      46448.963808
 85.6      46556.068670
 85.7      46668.521424
 85.8      46782.667262
 85.9      46893.451850
 86.0      46999.004909
 86.1      47102.316707
 86.2      47208.504950
 86.3      47320.169992
 86.4      47435.053853
 86.5      47548.110347
 86.6      47656.088624
 86.7      47760.466900
 86.8      47866.088954
 86.9      47976.760754
 87.0      48091.810128
 87.1      48206.719166
 87.2      48317.235125
 87.3      48423.219362
 87.4      48528.750945
 87.5      48638.411079
 87.6      48753.132722
 87.7      48869.375383
 87.8      48982.354464
 87.9      49090.379739
 88.0      49196.369084
 88.1      49305.182069
 88.2      49419.209866
 88.3      49536.223582
 88.4      49651.416971
 88.5      49761.771652
 88.6      49868.780260
 88.7      49977.070882
 88.8      50090.200155
 88.9      50207.438979
 89.0      50324.455631
 89.1      50437.256867
 89.2      50545.801403
 89.3      50654.016033
 89.4      50766.219131
 89.5      50883.208894
 89.6      51001.559654
 89.7      51116.746081
 89.8      51227.246117
 89.9      51335.902776
 90.0      51447.326679
 90.1      51563.712305
 90.2      51682.864284
 90.3      51800.208671
 90.4      51912.946781
 90.5      52022.579345
 90.6      52133.524575
 90.7      52249.102391
 90.8      52368.534721
 90.9      52487.672125
 91.0      52602.768713
 91.1      52713.871249
 91.2      52824.756235
 91.3      52939.490683
 91.4      53058.748538
 91.5      53179.218967
 91.6      53296.625405
 91.7      53409.602486
 91.8      53520.916311
 91.9      53634.937737
 92.0      53753.676602
 92.1      53874.975035
 92.2      53994.483736
 92.3      54109.611446
 92.4      54221.861281
 92.5      54335.447595
 92.6      54453.465846
 92.7      54575.096330
 92.8      54696.367657
 92.9      54813.769331
 93.0      54927.427327
 93.1      55040.970148
 93.2      55158.224733
 93.3      55279.750807
 93.4      55402.352056
 93.5      55521.990360
 93.6      55637.446154
 93.7      55751.407050
 93.8      55868.013295
 93.9      55989.101609
 94.0      56112.555036
 94.1      56234.241147
 94.2      56351.764200
 94.3      56466.624463
 94.4      56582.838592
 94.5      56703.289515
 94.6      56827.122775
 94.7      56950.540645
 94.8      57070.256414
 94.9      57186.467008
 95.0      57302.655511
 95.1      57422.419828
 95.2      57546.214898
 95.3      57670.958183
 95.4      57792.839789
 95.5      57910.775530
 95.6      58027.373370
 95.7      58146.552057
 95.8      58269.986291
 95.9      58395.603065
 96.0      58519.479071
 96.1      58639.402648
 96.2      58756.866474
 96.3      58875.695746
 96.4      58998.572373
 96.5      59124.613440
 96.6      59250.190266
 96.7      59372.228596
 96.8      59490.988573
 96.9      59609.810718
 97.0      59732.074732
 97.1      59858.139730
 97.2      59985.035945
 97.3      60109.171689
 97.4      60229.588261
 97.5      60348.813171
 97.6      60470.552644
 97.7      60596.329933
 97.8      60724.118530
 97.9      60850.196483
 98.0      60972.525202
 98.1      61092.585522
 98.2      61214.017524
 98.3      61339.313253
 98.4      61467.567188
 98.5      61595.314958
 98.6      61719.683796
 98.7      61840.989823
 98.8      61962.434038
 98.9      62087.188448
 99.0      62215.524754
 99.1      62344.584633
 99.2      62470.984777
 99.3      62593.882580
 99.4      62715.724667
 99.5      62840.013640
 99.6      62968.131433
 99.7      63098.100221
 99.8      63226.391703
 99.9      63351.129791
100.0      63473.779643
