 AA		CEXT
  0.1000000      3.7029356E-04
  0.2000000      2.2998847E-02
  0.3000000      0.2247206    
  0.4000000       1.437894    
  0.5000000       3.423500    
  0.6000000       7.263526    
  0.7000000       11.63818    
  0.8000000       15.67755    
  0.9000000       22.30379    
   1.000000       22.23477    
   1.100000       26.26444    
   1.200000       26.76348    
   1.300000       23.02954    
   1.400000       26.22382    
   1.500000       22.67727    
   1.600000       27.54653    
   1.700000       32.04015    
   1.800000       38.27156    
   1.900000       52.75314    
   2.000000       61.97763    
   2.100000       69.99560    
   2.200000       79.20691    
   2.300000       89.20820    
   2.400000       85.12844    
   2.500000       81.18542    
   2.600000       86.11728    
   2.700000       82.58398    
   2.800000       79.46960    
   2.900000       90.71957    
   3.000000       103.5082    
   3.100000       110.2775    
   3.200000       135.3753    
   3.300000       146.0502    
   3.400000       159.6266    
   3.500000       177.9233    
   3.600000       170.1195    
   3.700000       176.5942    
   3.800000       180.1880    
   3.900000       165.0197    
   4.000000       173.7313    
   4.100000       176.2419    
   4.200000       183.3959    
   4.300000       201.5802    
   4.400000       221.1190    
   4.500000       246.3148    
   4.600000       263.4657    
   4.700000       281.8618    
   4.800000       292.6700    
   4.900000       298.7392    
   5.000000       295.5861    
   5.100000       287.9786    
   5.200000       293.9621    
   5.300000       291.1890    
   5.400000       291.1169    
   5.500000       319.5551    
   5.600000       337.3093    
   5.700000       357.4609    
   5.800000       396.9674    
   5.900000       410.9641    
   6.000000       427.2515    
   6.100000       451.5394    
   6.200000       434.7560    
   6.300000       439.2610    
   6.400000       443.8074    
   6.500000       426.7039    
   6.600000       438.7928    
   6.700000       455.2101    
   6.800000       469.2396    
   6.900000       499.0085    
   7.000000       535.1650    
   7.100000       562.4049    
   7.200000       586.2550    
   7.300000       610.2881    
   7.400000       610.4553    
   7.500000       613.7480    
   7.600000       615.3733    
   7.700000       595.8286    
   7.800000       609.6656    
   7.900000       615.8389    
   8.000000       621.9833    
   8.100000       665.0137    
   8.200000       695.0895    
   8.300000       721.3510    
   8.400000       770.7114    
   8.500000       784.5208    
   8.600000       797.0299    
   8.700000       817.3178    
   8.800000       798.2589    
   8.900000       794.7756    
   9.000000       801.7964    
   9.100000       791.4726    
   9.200000       805.7521    
   9.300000       840.0026    
   9.400000       864.4778    
   9.500000       900.6332    
   9.600000       952.1234    
   9.700000       976.7289    
   9.800000       999.0312    
   9.900000       1025.342    
   10.00000       1010.363    
   10.10000       1012.431    
   10.20000       1015.443    
   10.30000       992.0089    
   10.40000       1014.571    
   10.50000       1034.816    
   10.60000       1049.536    
   10.70000       1105.794    
   10.80000       1145.988    
   10.90000       1178.156    
   11.00000       1223.973    
   11.10000       1241.308    
   11.20000       1242.081    
   11.30000       1256.229    
   11.40000       1238.632    
   11.50000       1228.434    
   11.60000       1241.896    
   11.70000       1244.712    
   11.80000       1262.406    
   11.90000       1316.217    
   12.00000       1351.924    
   12.10000       1390.401    
   12.20000       1451.734    
   12.30000       1469.800    
   12.40000       1487.841    
   12.50000       1507.947    
   12.60000       1486.066    
   12.70000       1483.220    
   12.80000       1491.480    
   12.90000       1471.325    
   13.00000       1504.509    
   13.10000       1539.293    
   13.20000       1567.372    
   13.30000       1627.669    
   13.40000       1679.886    
   13.50000       1709.142    
   13.60000       1747.027    
   13.70000       1763.444    
   13.80000       1752.257    
   13.90000       1759.008    
   14.00000       1746.094    
   14.10000       1732.633    
   14.20000       1756.497    
   14.30000       1775.232    
   14.40000       1798.897    
   14.50000       1868.047    
   14.60000       1912.326    
   14.70000       1951.068    
   14.80000       2010.108    
   14.90000       2022.786    
   15.00000       2030.215    
   15.10000       2043.101    
   15.20000       2016.925    
   15.30000       2013.058    
   15.40000       2026.354    
   15.50000       2020.863    
   15.60000       2059.667    
   15.70000       2112.653    
   15.80000       2150.633    
   15.90000       2211.460    
   16.00000       2267.721    
   16.10000       2292.637    
   16.20000       2292.637    
   16.30000       2292.637    
   16.40000       2308.204    
   16.50000       2311.185    
   16.60000       2305.638    
   16.70000       2305.638    
   16.80000       2305.638    
   16.90000       2367.200    
   17.00000       2400.443    
   17.10000       2476.674    
   17.20000       2476.674    
   17.30000       2476.674    
   17.40000       2613.335    
   17.50000       2617.395    
   17.60000       2616.110    
   17.70000       2616.110    
   17.80000       2616.110    
   17.90000       2593.981    
   18.00000       2618.783    
   18.10000       2629.869    
   18.20000       2629.869    
   18.30000       2629.869    
   18.40000       2790.221    
   18.50000       2844.326    
   18.60000       2900.506    
   18.70000       2900.506    
   18.80000       2900.506    
   18.90000       2935.328    
   19.00000       2906.962    
   19.10000       2909.514    
   19.20000       2909.514    
   19.30000       2909.514    
   19.40000       2961.869    
   19.50000       3012.784    
   19.60000       3054.752    
   19.70000       3054.752    
   19.80000       3054.752    
   19.90000       3210.661    
   20.00000       3245.873    
   20.10000       3245.295    
   20.20000       3245.295    
   20.30000       3245.295    
   20.40000       3218.926    
   20.50000       3220.099    
   20.60000       3255.647    
   20.70000       3255.647    
   20.80000       3255.647    
   20.90000       3414.012    
   21.00000       3463.275    
   21.10000       3509.343    
   21.20000       3509.343    
   21.30000       3509.343    
   21.40000       3560.798    
   21.50000       3564.312    
   21.60000       3536.549    
   21.70000       3536.549    
   21.80000       3536.549    
   21.90000       3573.427    
   22.00000       3632.315    
   22.10000       3693.903    
   22.20000       3693.903    
   22.30000       3693.903    
   22.40000       3861.726    
   22.50000       3877.601    
   22.60000       3898.096    
   22.70000       3898.096    
   22.80000       3898.096    
   22.90000       3872.343    
   23.00000       3872.894    
   23.10000       3881.762    
   23.20000       3881.762    
   23.30000       3881.762    
   23.40000       4033.781    
   23.50000       4112.565    
   23.60000       4160.062    
   23.70000       4160.062    
   23.80000       4160.062    
   23.90000       4225.674    
   24.00000       4215.435    
   24.10000       4215.332    
   24.20000       4215.332    
   24.30000       4215.332    
   24.40000       4237.832    
   24.50000       4269.580    
   24.60000       4334.076    
   24.70000       4334.076    
   24.80000       4334.076    
   24.90000       4512.834    
   25.00000       4552.909    
   25.10000       4558.284    
   25.20000       4558.284    
   25.30000       4558.284    
   25.40000       4535.512    
   25.50000       4539.799    
   25.60000       4552.678    
   25.70000       4552.678    
   25.80000       4552.678    
   25.90000       4694.717    
   26.00000       4750.600    
   26.10000       4825.433    
   26.20000       4825.433    
   26.30000       4825.433    
   26.40000       4908.301    
   26.50000       4896.785    
   26.60000       4882.245    
   26.70000       4882.245    
   26.80000       4882.245    
   26.90000       4896.235    
   27.00000       4940.692    
   27.10000       4985.841    
   27.20000       4985.841    
   27.30000       4985.841    
   27.40000       5173.836    
   27.50000       5214.675    
   27.60000       5245.383    
   27.70000       5245.383    
   27.80000       5245.383    
   27.90000       5225.462    
   28.00000       5211.272    
   28.10000       5224.036    
   28.20000       5224.036    
   28.30000       5224.036    
   28.40000       5357.862    
   28.50000       5421.881    
   28.60000       5476.046    
   28.70000       5476.046    
   28.80000       5476.046    
   28.90000       5579.673    
   29.00000       5586.094    
   29.10000       5571.886    
   29.20000       5571.886    
   29.30000       5571.886    
   29.40000       5568.963    
   29.50000       5602.944    
   29.60000       5659.288    
   29.70000       5659.288    
   29.80000       5659.288    
   29.90000       5850.912    
   30.00000       5889.258    
   30.10000       5915.613    
   30.20000       5915.613    
   30.30000       5915.613    
   30.40000       5907.963    
   30.50000       5904.153    
   30.60000       5897.969    
   30.70000       5897.969    
   30.80000       5897.969    
   30.90000       6011.956    
   31.00000       6085.927    
   31.10000       6151.025    
   31.20000       6151.025    
   31.30000       6151.025    
   31.40000       6267.274    
   31.50000       6264.467    
   31.60000       6260.618    
   31.70000       6260.618    
   31.80000       6260.618    
   31.90000       6250.563    
   32.00000       6274.482    
   32.10000       6274.482    
   32.20000       6274.482    
   32.30000       6274.482    
   32.40000       6274.482    
   32.50000       6564.916    
   32.60000       6564.916    
   32.70000       6564.916    
   32.80000       6564.916    
   32.90000       6564.916    
   33.00000       6581.631    
   33.10000       6581.631    
   33.20000       6581.631    
   33.30000       6581.631    
   33.40000       6581.631    
   33.50000       6737.134    
   33.60000       6737.134    
   33.70000       6737.134    
   33.80000       6737.134    
   33.90000       6737.134    
   34.00000       6948.418    
   34.10000       6948.418    
   34.20000       6948.418    
   34.30000       6948.418    
   34.40000       6948.418    
   34.50000       6944.123    
   34.60000       6944.123    
   34.70000       6944.123    
   34.80000       6944.123    
   34.90000       6944.123    
   35.00000       7215.839    
   35.10000       7215.839    
   35.20000       7215.839    
   35.30000       7215.839    
   35.40000       7215.839    
   35.50000       7257.610    
   35.60000       7257.610    
   35.70000       7257.610    
   35.80000       7257.610    
   35.90000       7257.610    
   36.00000       7395.938    
   36.10000       7395.938    
   36.20000       7395.938    
   36.30000       7395.938    
   36.40000       7395.938    
   36.50000       7611.831    
   36.60000       7611.831    
   36.70000       7611.831    
   36.80000       7611.831    
   36.90000       7611.831    
   37.00000       7598.013    
   37.10000       7598.013    
   37.20000       7598.013    
   37.30000       7598.013    
   37.40000       7598.013    
   37.50000       7867.742    
   37.60000       7867.742    
   37.70000       7867.742    
   37.80000       7867.742    
   37.90000       7867.742    
   38.00000       7923.840    
   38.10000       7923.840    
   38.20000       7923.840    
   38.30000       7923.840    
   38.40000       7923.840    
   38.50000       8030.154    
   38.60000       8030.154    
   38.70000       8030.154    
   38.80000       8030.154    
   38.90000       8030.154    
   39.00000       8261.316    
   39.10000       8261.316    
   39.20000       8261.316    
   39.30000       8261.316    
   39.40000       8261.316    
   39.50000       8246.525    
   39.60000       8246.525    
   39.70000       8246.525    
   39.80000       8246.525    
   39.90000       8246.525    
   40.00000       8496.797    
   40.10000       8496.797    
   40.20000       8496.797    
   40.30000       8496.797    
   40.40000       8496.797    
   40.50000       8567.330    
   40.60000       8567.330    
   40.70000       8567.330    
   40.80000       8567.330    
   40.90000       8567.330    
   41.00000       8651.715    
   41.10000       8651.715    
   41.20000       8651.715    
   41.30000       8651.715    
   41.40000       8651.715    
   41.50000       8893.289    
   41.60000       8893.289    
   41.70000       8893.289    
   41.80000       8893.289    
   41.90000       8893.289    
   42.00000       8873.475    
   42.10000       8873.475    
   42.20000       8873.475    
   42.30000       8873.475    
   42.40000       8873.475    
   42.50000       9100.832    
   42.60000       9100.832    
   42.70000       9100.832    
   42.80000       9100.832    
   42.90000       9100.832    
   43.00000       9193.291    
   43.10000       9193.291    
   43.20000       9193.291    
   43.30000       9193.291    
   43.40000       9193.291    
   43.50000       9255.819    
   43.60000       9255.819    
   43.70000       9255.819    
   43.80000       9255.819    
   43.90000       9255.819    
   44.00000       9494.552    
   44.10000       9494.552    
   44.20000       9494.552    
   44.30000       9494.552    
   44.40000       9494.552    
   44.50000       9477.308    
   44.60000       9477.308    
   44.70000       9477.308    
   44.80000       9477.308    
   44.90000       9477.308    
   45.00000       9687.422    
   45.10000       9687.422    
   45.20000       9687.422    
   45.30000       9687.422    
   45.40000       9687.422    
   45.50000       9793.684    
   45.60000       9793.684    
   45.70000       9793.684    
   45.80000       9793.684    
   45.90000       9793.684    
   46.00000       9831.599    
   46.10000       9831.599    
   46.20000       9831.599    
   46.30000       9831.599    
   46.40000       9831.599    
   46.50000       10072.72    
   46.60000       10072.72    
   46.70000       10072.72    
   46.80000       10072.72    
   46.90000       10072.72    
   47.00000       10062.62    
   47.10000       10062.62    
   47.20000       10062.62    
   47.30000       10062.62    
   47.40000       10062.62    
   47.50000       10244.00    
   47.60000       10244.00    
   47.70000       10244.00    
   47.80000       10244.00    
   47.90000       10244.00    
   48.00000       10363.44    
   48.10000       10363.44    
   48.20000       10363.44    
   48.30000       10363.44    
   48.40000       10363.44    
   48.50000       10387.47    
   48.60000       10387.47    
   48.70000       10387.47    
   48.80000       10387.47    
   48.90000       10387.47    
   49.00000       10622.42    
   49.10000       10622.42    
   49.20000       10622.42    
   49.30000       10622.42    
   49.40000       10622.42    
   49.50000       10614.12    
   49.60000       10614.12    
   49.70000       10614.12    
   49.80000       10614.12    
   49.90000       10614.12    
   50.00000       10771.78    
   50.10000       10771.78    
   50.20000       10771.78    
   50.30000       10771.78    
   50.40000       10771.78    
   50.50000       10907.39    
   50.60000       10907.39    
   50.70000       10907.39    
   50.80000       10907.39    
   50.90000       10907.39    
   51.00000       10912.29    
   51.10000       10912.29    
   51.20000       10912.29    
   51.30000       10912.29    
   51.40000       10912.29    
   51.50000       11135.38    
   51.60000       11135.38    
   51.70000       11135.38    
   51.80000       11135.38    
   51.90000       11135.38    
   52.00000       11140.25    
   52.10000       11140.25    
   52.20000       11140.25    
   52.30000       11140.25    
   52.40000       11140.25    
   52.50000       11272.13    
   52.60000       11272.13    
   52.70000       11272.13    
   52.80000       11272.13    
   52.90000       11272.13    
   53.00000       11413.32    
   53.10000       11413.32    
   53.20000       11413.32    
   53.30000       11413.32    
   53.40000       11413.32    
   53.50000       11408.19    
   53.60000       11408.19    
   53.70000       11408.19    
   53.80000       11408.19    
   53.90000       11408.19    
   54.00000       11620.69    
   54.10000       11620.69    
   54.20000       11620.69    
   54.30000       11620.69    
   54.40000       11620.69    
   54.50000       11632.14    
   54.60000       11632.14    
   54.70000       11632.14    
   54.80000       11632.14    
   54.90000       11632.14    
   55.00000       11738.46    
   55.10000       11738.46    
   55.20000       11738.46    
   55.30000       11738.46    
   55.40000       11738.46    
   55.50000       11888.57    
   55.60000       11888.57    
   55.70000       11888.57    
   55.80000       11888.57    
   55.90000       11888.57    
   56.00000       11873.45    
   56.10000       11873.45    
   56.20000       11873.45    
   56.30000       11873.45    
   56.40000       11873.45    
   56.50000       12069.30    
   56.60000       12069.30    
   56.70000       12069.30    
   56.80000       12069.30    
   56.90000       12069.30    
   57.00000       12091.45    
   57.10000       12091.45    
   57.20000       12091.45    
   57.30000       12091.45    
   57.40000       12091.45    
   57.50000       12173.63    
   57.60000       12173.63    
   57.70000       12173.63    
   57.80000       12173.63    
   57.90000       12173.63    
   58.00000       12327.71    
   58.10000       12327.71    
   58.20000       12327.71    
   58.30000       12327.71    
   58.40000       12327.71    
   58.50000       12306.30    
   58.60000       12306.30    
   58.70000       12306.30    
   58.80000       12306.30    
   58.90000       12306.30    
   59.00000       12482.97    
   59.10000       12482.97    
   59.20000       12482.97    
   59.30000       12482.97    
   59.40000       12482.97    
   59.50000       12516.00    
   59.60000       12516.00    
   59.70000       12516.00    
   59.80000       12516.00    
   59.90000       12516.00    
   60.00000       12576.72    
   60.10000       12576.72    
   60.20000       12576.72    
   60.30000       12576.72    
   60.40000       12576.72    
   60.50000       12729.36    
   60.60000       12729.36    
   60.70000       12729.36    
   60.80000       12729.36    
   60.90000       12729.36    
   61.00000       12704.33    
   61.10000       12704.33    
   61.20000       12704.33    
   61.30000       12704.33    
   61.40000       12704.33    
   61.50000       12863.60    
   61.60000       12863.60    
   61.70000       12863.60    
   61.80000       12863.60    
   61.90000       12863.60    
   62.00000       12904.74    
   62.10000       12904.74    
   62.20000       12904.74    
   62.30000       12904.74    
   62.40000       12904.74    
   62.50000       12943.61    
   62.60000       12943.61    
   62.70000       12943.61    
   62.80000       12943.61    
   62.90000       12943.61    
   63.00000       13096.24    
   63.10000       13096.24    
   63.20000       13096.24    
   63.30000       13096.24    
   63.40000       13096.24    
   63.50000       13070.32    
   63.60000       13070.32    
   63.70000       13070.32    
   63.80000       13070.32    
   63.90000       13070.32    
   64.00000       13206.71    
   64.10000       13206.71    
   64.20000       13206.71    
   64.30000       13206.71    
   64.40000       13206.71    
   64.50000       13257.35    
   64.60000       13257.35    
   64.70000       13257.35    
   64.80000       13257.35    
   64.90000       13257.35    
   65.00000       13279.83    
   65.10000       13279.83    
   65.20000       13279.83    
   65.30000       13279.83    
   65.40000       13279.83    
   65.50000       13425.62    
   65.60000       13425.62    
   65.70000       13425.62    
   65.80000       13425.62    
   65.90000       13425.62    
   66.00000       13399.90    
   66.10000       13399.90    
   66.20000       13399.90    
   66.30000       13399.90    
   66.40000       13399.90    
   66.50000       13516.86    
   66.60000       13516.86    
   66.70000       13516.86    
   66.80000       13516.86    
   66.90000       13516.86    
   67.00000       13574.24    
   67.10000       13574.24    
   67.20000       13574.24    
   67.30000       13574.24    
   67.40000       13574.24    
   67.50000       13580.11    
   67.60000       13580.11    
   67.70000       13580.11    
   67.80000       13580.11    
   67.90000       13580.11    
   68.00000       13719.07    
   68.10000       13719.07    
   68.20000       13719.07    
   68.30000       13719.07    
   68.40000       13719.07    
   68.50000       13695.96    
   68.60000       13695.96    
   68.70000       13695.96    
   68.80000       13695.96    
   68.90000       13695.96    
   69.00000       13791.40    
   69.10000       13791.40    
   69.20000       13791.40    
   69.30000       13791.40    
   69.40000       13791.40    
   69.50000       13854.56    
   69.60000       13854.56    
   69.70000       13854.56    
   69.80000       13854.56    
   69.90000       13854.56    
   70.00000       13847.72    
   70.10000       13847.72    
   70.20000       13847.72    
   70.30000       13847.72    
   70.40000       13847.72    
   70.50000       13976.64    
   70.60000       13976.64    
   70.70000       13976.64    
   70.80000       13976.64    
   70.90000       13976.64    
   71.00000       13957.18    
   71.10000       13957.18    
   71.20000       13957.18    
   71.30000       13957.18    
   71.40000       13957.18    
   71.50000       14032.38    
   71.60000       14032.38    
   71.70000       14032.38    
   71.80000       14032.38    
   71.90000       14032.38    
   72.00000       14098.99    
   72.10000       14098.99    
   72.20000       14098.99    
   72.30000       14098.99    
   72.40000       14098.99    
   72.50000       14082.13    
   72.60000       14082.13    
   72.70000       14082.13    
   72.80000       14082.13    
   72.90000       14082.13    
   73.00000       14199.75    
   73.10000       14199.75    
   73.20000       14199.75    
   73.30000       14199.75    
   73.40000       14199.75    
   73.50000       14183.58    
   73.60000       14183.58    
   73.70000       14183.58    
   73.80000       14183.58    
   73.90000       14183.58    
   74.00000       14239.98    
   74.10000       14239.98    
   74.20000       14239.98    
   74.30000       14239.98    
   74.40000       14239.98    
   74.50000       14309.48    
   74.60000       14309.48    
   74.70000       14309.48    
   74.80000       14309.48    
   74.90000       14309.48    
   75.00000       14283.47    
   75.10000       14283.47    
   75.20000       14283.47    
   75.30000       14283.47    
   75.40000       14283.47    
   75.50000       14387.91    
   75.60000       14387.91    
   75.70000       14387.91    
   75.80000       14387.91    
   75.90000       14387.91    
   76.00000       14377.55    
   76.10000       14377.55    
   76.20000       14377.55    
   76.30000       14377.55    
   76.40000       14377.55    
   76.50000       14415.66    
   76.60000       14415.66    
   76.70000       14415.66    
   76.80000       14415.66    
   76.90000       14415.66    
   77.00000       14484.20    
   77.10000       14484.20    
   77.20000       14484.20    
   77.30000       14484.20    
   77.40000       14484.20    
   77.50000       14453.30    
   77.60000       14453.30    
   77.70000       14453.30    
   77.80000       14453.30    
   77.90000       14453.30    
   78.00000       14544.40    
   78.10000       14544.40    
   78.20000       14544.40    
   78.30000       14544.40    
   78.40000       14544.40    
   78.50000       14537.12    
   78.60000       14537.12    
   78.70000       14537.12    
   78.80000       14537.12    
   78.90000       14537.12    
   79.00000       14559.38    
   79.10000       14559.38    
   79.20000       14559.38    
   79.30000       14559.38    
   79.40000       14559.38    
   79.50000       14627.47    
   79.60000       14627.47    
   79.70000       14627.47    
   79.80000       14627.47    
   79.90000       14627.47    
   80.00000       14591.41    
   80.10000       14591.41    
   80.20000       14591.41    
   80.30000       14591.41    
   80.40000       14591.41    
   80.50000       14667.90    
   80.60000       14667.90    
   80.70000       14667.90    
   80.80000       14667.90    
   80.90000       14667.90    
   81.00000       14666.02    
   81.10000       14666.02    
   81.20000       14666.02    
   81.30000       14666.02    
   81.40000       14666.02    
   81.50000       14673.31    
   81.60000       14673.31    
   81.70000       14673.31    
   81.80000       14673.31    
   81.90000       14673.31    
   82.00000       14737.50    
   82.10000       14737.50    
   82.20000       14737.50    
   82.30000       14737.50    
   82.40000       14737.50    
   82.50000       14699.83    
   82.60000       14699.83    
   82.70000       14699.83    
   82.80000       14699.83    
   82.90000       14699.83    
   83.00000       14761.90    
   83.10000       14761.90    
   83.20000       14761.90    
   83.30000       14761.90    
   83.40000       14761.90    
   83.50000       14762.93    
   83.60000       14762.93    
   83.70000       14762.93    
   83.80000       14762.93    
   83.90000       14762.93    
   84.00000       14758.06    
   84.10000       14758.06    
   84.20000       14758.06    
   84.30000       14758.06    
   84.40000       14758.06    
   84.50000       14817.83    
   84.60000       14817.83    
   84.70000       14817.83    
   84.80000       14817.83    
   84.90000       14817.83    
   85.00000       14778.38    
   85.10000       14778.38    
   85.20000       14778.38    
   85.30000       14778.38    
   85.40000       14778.38    
   85.50000       14826.56    
   85.60000       14826.56    
   85.70000       14826.56    
   85.80000       14826.56    
   85.90000       14826.56    
   86.00000       14830.91    
   86.10000       14830.91    
   86.20000       14830.91    
   86.30000       14830.91    
   86.40000       14830.91    
   86.50000       14814.45    
   86.60000       14814.45    
   86.70000       14814.45    
   86.80000       14814.45    
   86.90000       14814.45    
   87.00000       14868.58    
   87.10000       14868.58    
   87.20000       14868.58    
   87.30000       14868.58    
   87.40000       14868.58    
   87.50000       14829.64    
   87.60000       14829.64    
   87.70000       14829.64    
   87.80000       14829.64    
   87.90000       14829.64    
   88.00000       14863.36    
   88.10000       14863.36    
   88.20000       14863.36    
   88.30000       14863.36    
   88.40000       14863.36    
   88.50000       14869.76    
   88.60000       14869.76    
   88.70000       14869.76    
   88.80000       14869.76    
   88.90000       14869.76    
   89.00000       14844.99    
   89.10000       14844.99    
   89.20000       14844.99    
   89.30000       14844.99    
   89.40000       14844.99    
   89.50000       14891.75    
   89.60000       14891.75    
   89.70000       14891.75    
   89.80000       14891.75    
   89.90000       14891.75    
   90.00000       14853.09    
   90.10000       14853.09    
   90.20000       14853.09    
   90.30000       14853.09    
   90.40000       14853.09    
   90.50000       14874.57    
   90.60000       14874.57    
   90.70000       14874.57    
   90.80000       14874.57    
   90.90000       14874.57    
   91.00000       14882.12    
   91.10000       14882.12    
   91.20000       14882.12    
   91.30000       14882.12    
   91.40000       14882.12    
   91.50000       14849.18    
   91.60000       14849.18    
   91.70000       14849.18    
   91.80000       14849.18    
   91.90000       14849.18    
   92.00000       14888.90    
   92.10000       14888.90    
   92.20000       14888.90    
   92.30000       14888.90    
   92.40000       14888.90    
   92.50000       14851.89    
   92.60000       14851.89    
   92.70000       14851.89    
   92.80000       14851.89    
   92.90000       14851.89    
   93.00000       14860.40    
   93.10000       14860.40    
   93.20000       14860.40    
   93.30000       14860.40    
   93.40000       14860.40    
   93.50000       14868.43    
   93.60000       14868.43    
   93.70000       14868.43    
   93.80000       14868.43    
   93.90000       14868.43    
   94.00000       14830.26    
   94.10000       14830.26    
   94.20000       14830.26    
   94.30000       14830.26    
   94.40000       14830.26    
   94.50000       14861.24    
   94.60000       14861.24    
   94.70000       14861.24    
   94.80000       14861.24    
   94.90000       14861.24    
   95.00000       14825.63    
   95.10000       14825.63    
   95.20000       14825.63    
   95.30000       14825.63    
   95.40000       14825.63    
   95.50000       14823.67    
   95.60000       14823.67    
   95.70000       14823.67    
   95.80000       14823.67    
   95.90000       14823.67    
   96.00000       14830.83    
   96.10000       14830.83    
   96.20000       14830.83    
   96.30000       14830.83    
   96.40000       14830.83    
   96.50000       14787.81    
   96.60000       14787.81    
   96.70000       14787.81    
   96.80000       14787.81    
   96.90000       14787.81    
   97.00000       14810.88    
   97.10000       14810.88    
   97.20000       14810.88    
   97.30000       14810.88    
   97.40000       14810.88    
   97.50000       14776.95    
   97.60000       14776.95    
   97.70000       14776.95    
   97.80000       14776.95    
   97.90000       14776.95    
   98.00000       14764.53    
   98.10000       14764.53    
   98.20000       14764.53    
   98.30000       14764.53    
   98.40000       14764.53    
   98.50000       14770.64    
   98.60000       14770.64    
   98.70000       14770.64    
   98.80000       14770.64    
   98.90000       14770.64    
   99.00000       14724.55    
   99.10000       14724.55    
   99.20000       14724.55    
   99.30000       14724.55    
   99.40000       14724.55    
   99.50000       14738.62    
   99.60000       14738.62    
   99.70000       14738.62    
   99.80000       14738.62    
   99.90000       14738.62    
   100.0000       14706.59    
