  AA        CEXT     
  0.1          0.002508
  0.2          0.078102
  0.3          0.447701
  0.4          1.317474
  0.5          2.723793
  0.6          4.443437
  0.7          6.038335
  0.8          7.067249
  0.9          7.359161
  1.0          7.182647
  1.1          7.240057
  1.2          8.267791
  1.3         10.272293
  1.4         13.289964
  1.5         17.128912
  1.6         20.990440
  1.7         24.542567
  1.8         28.241263
  1.9         28.953604
  2.0         28.817361
  2.1         29.141738
  2.2         28.244108
  2.3         30.786429
  2.4         39.245383
  2.5         43.918903
  2.6         52.507596
  2.7         59.181997
  2.8         61.220300
  2.9         61.639759
  3.0         60.387531
  3.1         60.096377
  3.2         68.030502
  3.3         68.727021
  3.4         76.185138
  3.5         85.064978
  3.6         93.761471
  3.7        101.751786
  3.8        108.269221
  3.9        110.699107
  4.0        110.284896
  4.1        108.449409
  4.2        110.717628
  4.3        113.324767
  4.4        125.687374
  4.5        138.592696
  4.6        153.559739
  4.7        164.128126
  4.8        166.534870
  4.9        166.508492
  5.0        167.160153
  5.1        163.908087
  5.2        169.828335
  5.3        179.652637
  5.4        190.616499
  5.5        204.475061
  5.6        219.535847
  5.7        228.787102
  5.8        239.543475
  5.9        243.837488
  6.0        242.303603
  6.1        239.994338
  6.2        239.592611
  6.3        246.632655
  6.4        262.215723
  6.5        287.426675
  6.6        304.831158
  6.7        321.868636
  6.8        324.448526
  6.9        322.996688
  7.0        319.165778
  7.1        323.422392
  7.2        323.669415
  7.3        345.480731
  7.4        360.868892
  7.5        377.223192
  7.6        395.194247
  7.7        408.827979
  7.8        415.875347
  7.9        426.845515
  8.0        423.984963
  8.1        422.490803
  8.2        424.540702
  8.3        433.480559
  8.4        451.742592
  8.5        481.194786
  8.6        505.809505
  8.7        528.228895
  8.8        533.466769
  8.9        531.442476
  9.0        530.026614
  9.1        527.114984
  9.2        530.444950
  9.3        556.483284
  9.4        575.378543
  9.5        599.816655
  9.6        623.278385
  9.7        642.913613
  9.8        648.284894
  9.9        658.582534
 10.0        657.087445
 10.1        654.074042
 10.2        657.295125
 10.3        678.550088
 10.4        693.493282
 10.5        730.126119
 10.6        763.736363
 10.7        784.503084
 10.8        793.509164
 10.9        789.355501
 11.0        781.980268
 11.1        781.261853
 11.2        798.618201
 11.3        812.458582
 11.4        848.536182
 11.5        875.749627
 11.6        902.120125
 11.7        920.713958
 11.8        942.410199
 11.9        931.833295
 12.0        943.671069
 12.1        939.758869
 12.2        945.039071
 12.3        960.010431
 12.4        989.295393
 12.5       1019.578125
 12.6       1063.639500
 12.7       1091.118047
 12.8       1105.610021
 12.9       1102.021084
 13.0       1092.338269
 13.1       1086.275778
 13.2       1096.938893
 13.3       1122.392878
 13.4       1168.147341
 13.5       1203.927668
 13.6       1235.473060
 13.7       1256.824012
 13.8       1265.846073
 13.9       1264.332674
 14.0       1273.096333
 14.1       1272.477583
 14.2       1280.297468
 14.3       1302.454953
 14.4       1335.381459
 14.5       1372.273098
 14.6       1414.880673
 14.7       1450.256581
 14.8       1461.434623
 14.9       1460.407298
 15.0       1452.485282
 15.1       1447.092159
 15.2       1458.851949
 15.3       1496.580596
 15.4       1531.116463
 15.5       1580.332115
 15.6       1634.668954
 15.7       1639.285392
 15.8       1664.313975
 15.9       1662.077175
 16.0       1644.866182
 16.1       1660.053015
 16.2       1668.172397
 16.3       1691.250207
 16.4       1728.989985
 16.5       1787.126476
 16.6       1813.829023
 16.7       1861.191266
 16.8       1875.032945
 16.9       1872.249663
 17.0       1861.040300
 17.1       1876.951107
 17.2       1863.465652
 17.3       1902.331838
 17.4       1955.122372
 17.5       2012.326941
 17.6       2053.608639
 17.7       2077.297519
 17.8       2082.850237
 17.9       2078.935273
 18.0       2081.376413
 18.1       2091.457222
 18.2       2109.276472
 18.3       2138.555535
 18.4       2180.825262
 18.5       2227.369533
 18.6       2274.751858
 18.7       2306.428608
 18.8       2332.671640
 18.9       2332.177447
 19.0       2324.746197
 19.1       2320.156694
 19.2       2330.603110
 19.3       2361.194872
 19.4       2423.434109
 19.5       2480.490094
 19.6       2535.152118
 19.7       2566.410540
 19.8       2574.011687
 19.9       2567.461162
 20.0       2564.169263
 20.1       2559.985544
 20.2       2592.489804
 20.3       2630.158474
 20.4       2678.846536
 20.5       2735.905697
 20.6       2786.060956
 20.7       2812.894482
 20.8       2846.962842
 20.9       2845.765870
 21.0       2829.647782
 21.1       2832.687476
 21.2       2845.488778
 21.3       2880.134213
 21.4       2961.885977
 21.5       3018.925860
 21.6       3069.306043
 21.7       3100.587274
 21.8       3109.243396
 21.9       3099.556590
 22.0       3113.289383
 22.1       3115.389106
 22.2       3132.583852
 22.3       3176.574734
 22.4       3251.412222
 22.5       3286.552380
 22.6       3339.933198
 22.7       3397.409230
 22.8       3392.227824
 22.9       3403.185889
 23.0       3397.309134
 23.1       3391.865162
 23.2       3407.769080
 23.3       3472.907099
 23.4       3505.225372
 23.5       3585.674058
 23.6       3653.589166
 23.7       3691.967290
 23.8       3702.645339
 23.9       3696.533457
 24.0       3672.403190
 24.1       3675.954222
 24.2       3707.294981
 24.3       3770.177395
 24.4       3839.087420
 24.5       3900.572502
 24.6       3953.038193
 24.7       3983.689374
 24.8       3995.642016
 24.9       4013.671105
 25.0       4006.985732
 25.1       4005.559785
 25.2       4029.851926
 25.3       4074.085195
 25.4       4136.411978
 25.5       4228.366714
 25.6       4287.899607
 25.7       4322.815410
 25.8       4336.583282
 25.9       4329.373953
 26.0       4315.086921
 26.1       4325.713489
 26.2       4361.327405
 26.3       4407.251740
 26.4       4480.374047
 26.5       4556.114496
 26.6       4612.177093
 26.7       4654.986698
 26.8       4674.892694
 26.9       4657.527088
 27.0       4658.428306
 27.1       4668.195790
 27.2       4687.361562
 27.3       4754.166240
 27.4       4820.896043
 27.5       4889.157189
 27.6       4966.171499
 27.7       5024.701948
 27.8       5020.764762
 27.9       5013.960506
 28.0       4999.513927
 28.1       4996.256904
 28.2       5035.892921
 28.3       5111.576905
 28.4       5192.400405
 28.5       5271.787475
 28.6       5330.151636
 28.7       5356.150440
 28.8       5365.917902
 28.9       5377.325835
 29.0       5380.223419
 29.1       5388.168620
 29.2       5434.656295
 29.3       5467.851141
 29.4       5541.136999
 29.5       5634.368970
 29.6       5698.168185
 29.7       5748.601624
 29.8       5765.940974
 29.9       5754.389939
 30.0       5742.090104
 30.1       5747.414934
 30.2       5768.193955
 30.3       5840.154191
 30.4       5933.329844
 30.5       6023.345779
 30.6       6100.167122
 30.7       6130.853032
 30.8       6134.708083
 30.9       6121.699327
 31.0       6111.267902
 31.1       6131.625144
 31.2       6184.004692
 31.3       6241.694728
 31.4       6330.464294
 31.5       6411.141306
 31.6       6474.631738
 31.7       6530.727907
 31.8       6551.188204
 31.9       6532.311024
 32.0       6527.319098
 32.1       6531.077510
 32.2       6566.120247
 32.3       6662.843603
 32.4       6752.242684
 32.5       6832.984142
 32.6       6903.578072
 32.7       6939.206005
 32.8       6944.114701
 32.9       6975.163101
 33.0       6969.891629
 33.1       6957.267573
 33.2       6993.958844
 33.3       7066.267018
 33.4       7147.425728
 33.5       7278.428629
 33.6       7340.938446
 33.7       7363.908109
 33.8       7380.343170
 33.9       7382.057988
 34.0       7357.003853
 34.1       7372.313645
 34.2       7418.759732
 34.3       7476.701241
 34.4       7581.584478
 34.5       7715.077295
 34.6       7768.441953
 34.7       7816.201248
 34.8       7819.738207
 34.9       7788.068671
 35.0       7776.494492
 35.1       7806.543519
 35.2       7865.831626
 35.3       7958.227041
 35.4       8074.112473
 35.5       8131.325309
 35.6       8195.320063
 35.7       8242.387957
 35.8       8275.927879
 35.9       8270.696802
 36.0       8258.421219
 36.1       8267.449083
 36.2       8308.065545
 36.3       8384.580772
 36.4       8507.449478
 36.5       8601.143758
 36.6       8681.115345
 36.7       8721.330177
 36.8       8734.875309
 36.9       8713.920756
 37.0       8708.525555
 37.1       8719.446625
 37.2       8771.592824
 37.3       8854.869490
 37.4       8977.199224
 37.5       9067.722362
 37.6       9153.250779
 37.7       9187.666142
 37.8       9188.675392
 37.9       9178.425673
 38.0       9191.550849
 38.1       9190.845774
 38.2       9256.672878
 38.3       9337.983487
 38.4       9442.627642
 38.5       9552.641068
 38.6       9652.909626
 38.7       9677.204299
 38.8       9691.134435
 38.9       9665.509758
 39.0       9656.274775
 39.1       9685.438798
 39.2       9767.483727
 39.3       9852.429971
 39.4      10014.467834
 39.5      10053.251278
 39.6      10123.422213
 39.7      10172.930946
 39.8      10213.984528
 39.9      10196.217904
 40.0      10180.866233
 40.1      10200.527279
 40.2      10241.411510
 40.3      10337.386690
 40.4      10485.694870
 40.5      10564.974904
 40.6      10649.264162
 40.7      10712.121133
 40.8      10701.770088
 40.9      10694.763226
 41.0      10710.062076
 41.1      10682.654475
 41.2      10742.884835
 41.3      10871.644041
 41.4      10983.059075
 41.5      11118.710770
 41.6      11229.705394
 41.7      11211.858977
 41.8      11200.192378
 41.9      11191.841930
 42.0      11196.241753
 42.1      11249.861012
 42.2      11310.459286
 42.3      11404.964527
 42.4      11509.858493
 42.5      11616.338678
 42.6      11718.004599
 42.7      11771.308351
 42.8      11763.843628
 42.9      11754.432234
 43.0      11744.850847
 43.1      11760.810239
 43.2      11869.469235
 43.3      11955.345294
 43.4      12071.609582
 43.5      12177.536473
 43.6      12271.028221
 43.7      12301.617844
 43.8      12349.822767
 43.9      12306.452896
 44.0      12296.228810
 44.1      12306.411966
 44.2      12395.270521
 44.3      12483.543990
 44.4      12641.754399
 44.5      12742.242116
 44.6      12825.419870
 44.7      12861.376975
 44.8      12888.998739
 44.9      12844.713320
 45.0      12863.551322
 45.1      12867.177459
 45.2      12942.707599
 45.3      13057.038628
 45.4      13218.191193
 45.5      13323.133552
 45.6      13473.441515
 45.7      13433.201928
 45.8      13429.905292
 45.9      13413.085309
 46.0      13439.424393
 46.1      13478.166263
 46.2      13563.126080
 46.3      13658.331547
 46.4      13776.217348
 46.5      13890.612481
 46.6      14005.079963
 46.7      14058.806497
 46.8      14049.277594
 46.9      14040.843561
 47.0      14019.142496
 47.1      14051.172311
 47.2      14145.317584
 47.3      14249.062766
 47.4      14370.251987
 47.5      14522.300069
 47.6      14594.135581
 47.7      14657.112385
 47.8      14661.236160
 47.9      14613.903747
 48.0      14590.163104
 48.1      14638.465444
 48.2      14715.614918
 48.3      14881.265928
 48.4      15007.216500
 48.5      15131.668319
 48.6      15194.521335
 48.7      15229.029197
 48.8      15224.758312
 48.9      15245.895331
 49.0      15222.706158
 49.1      15278.199462
 49.2      15349.745194
 49.3      15470.813515
 49.4      15618.969093
 49.5      15768.907023
 49.6      15832.240970
 49.7      15874.483319
 49.8      15867.793412
 49.9      15846.038410
 50.0      15875.272658
 50.1      15928.809770
 50.2      16004.415971
 50.3      16108.811492
 50.4      16257.515295
 50.5      16367.305748
 50.6      16510.239038
 50.7      16532.059241
 50.8      16529.357823
 50.9      16486.235280
 51.0      16506.493491
 51.1      16512.421553
 51.2      16670.430638
 51.3      16749.967545
 51.4      16900.750137
 51.5      17026.121433
 51.6      17148.737020
 51.7      17154.038222
 51.8      17188.378867
 51.9      17121.478575
 52.0      17121.073619
 52.1      17157.617008
 52.2      17287.823489
 52.3      17422.643763
 52.4      17606.503874
 52.5      17699.940374
 52.6      17779.644244
 52.7      17796.821563
 52.8      17806.585896
 52.9      17807.384174
 53.0      17835.834599
 53.1      17867.158159
 53.2      17957.709747
 53.3      18085.506438
 53.4      18235.913227
 53.5      18402.552470
 53.6      18471.631492
 53.7      18519.919562
 53.8      18498.882065
 53.9      18493.772326
 54.0      18481.929998
 54.1      18561.968553
 54.2      18614.693593
 54.3      18835.479175
 54.4      18913.355536
 54.5      19089.691893
 54.6      19156.317276
 54.7      19210.240397
 54.8      19167.462236
 54.9      19153.834818
 55.0      19134.767821
 55.1      19234.196596
 55.2      19310.558582
 55.3      19490.535312
 55.4      19624.665234
 55.5      19763.416540
 55.6      19837.848966
 55.7      19907.329493
 55.8      19864.230079
 55.9      19871.709963
 56.0      19855.526310
 56.1      19914.924594
 56.2      20030.114074
 56.3      20218.610733
 56.4      20353.769020
 56.5      20490.670483
 56.6      20559.822548
 56.7      20582.416132
 56.8      20592.291604
 56.9      20621.906472
 57.0      20624.627108
 57.1      20648.910976
 57.2      20763.329252
 57.3      20883.331891
 57.4      21067.442257
 57.5      21235.174929
 57.6      21324.329043
 57.7      21327.721854
 57.8      21350.623450
 57.9      21288.531867
 58.0      21323.012307
 58.1      21362.696079
 58.2      21471.466113
 58.3      21612.027302
 58.4      21824.176357
 58.5      21941.690640
 58.6      22075.317123
 58.7      22064.927926
 58.8      22046.761345
 58.9      21998.662425
 59.0      22029.028459
 59.1      22093.654128
 59.2      22271.621387
 59.3      22402.372789
 59.4      22573.323053
 59.5      22684.013869
 59.6      22764.205472
 59.7      22802.884088
 59.8      22829.009756
 59.9      22800.993474
 60.0      22812.400818
 60.1      22873.975815
 60.2      22981.057072
 60.3      23178.930454
 60.4      23331.629588
 60.5      23520.045654
 60.6      23540.190706
 60.7      23595.662877
 60.8      23562.955827
 60.9      23632.029758
 61.0      23560.733032
 61.1      23647.245669
 61.2      23726.020867
 61.3      23939.053587
 61.4      24077.476698
 61.5      24290.653455
 61.6      24322.123495
 61.7      24362.981138
 61.8      24314.542530
 61.9      24340.519550
 62.0      24305.807003
 62.1      24427.024854
 62.2      24521.257129
 62.3      24711.596044
 62.4      24876.529967
 62.5      25059.751277
 62.6      25107.290256
 62.7      25162.504543
 62.8      25103.659167
 62.9      25091.198951
 63.0      25110.660704
 63.1      25231.236217
 63.2      25359.946049
 63.3      25545.157677
 63.4      25692.312568
 63.5      25812.959104
 63.6      25901.031171
 63.7      25970.513673
 63.8      25974.424226
 63.9      25935.469936
 64.0      25960.944139
 64.1      25996.355260
 64.2      26148.750953
 64.3      26361.145725
 64.4      26536.248208
 64.5      26628.807985
 64.6      26767.184818
 64.7      26748.987101
 64.8      26777.660434
 64.9      26765.621292
 65.0      26743.142415
 65.1      26778.353882
 65.2      26960.549220
 65.3      27121.629799
 65.4      27378.019834
 65.5      27514.666156
 65.6      27582.039139
 65.7      27555.128178
 65.8      27540.442408
 65.9      27510.248187
 66.0      27596.744554
 66.1      27681.534190
 66.2      27827.215261
 66.3      27986.904534
 66.4      28163.061634
 66.5      28304.789152
 66.6      28425.642622
 66.7      28504.994730
 66.8      28405.207242
 66.9      28393.240682
 67.0      28404.412364
 67.1      28523.663539
 67.2      28680.750746
 67.3      28865.827211
 67.4      29001.082475
 67.5      29175.071278
 67.6      29227.830238
 67.7      29332.688311
 67.8      29267.299123
 67.9      29281.524714
 68.0      29236.797787
 68.1      29369.663561
 68.2      29463.959387
 68.3      29793.032000
 68.4      29868.807154
 68.5      30050.312819
 68.6      30098.858226
 68.7      30167.149202
 68.8      30088.805292
 68.9      30255.869604
 69.0      30089.929446
 69.1      30206.800518
 69.2      30352.143806
 69.3      30594.712677
 69.4      30767.025288
 69.5      31005.829913
 69.6      30978.927709
 69.7      30991.080117
 69.8      30956.645212
 69.9      30971.406874
 70.0      31017.439086
 70.1      31188.154978
 70.2      31287.852931
 70.3      31460.050424
 70.4      31645.343638
 70.5      31797.626671
 70.6      31915.346771
 70.7      31899.971878
 70.8      31915.297311
 70.9      31861.728312
 71.0      31923.847054
 71.1      32019.648776
 71.2      32222.631687
 71.3      32324.617896
 71.4      32577.138734
 71.5      32677.349503
 71.6      32830.236959
 71.7      32853.400627
 71.8      32815.811849
 71.9      32727.222834
 72.0      32786.114709
 72.1      32850.182675
 72.2      33100.687865
 72.3      33322.744373
 72.4      33513.923412
 72.5      33612.182002
 72.6      33693.374315
 72.7      33676.227719
 72.8      33706.253330
 72.9      33669.984802
 73.0      33730.360246
 73.1      33817.114114
 73.2      33995.629757
 73.3      34206.061919
 73.4      34448.007165
 73.5      34557.446877
 73.6      34620.947768
 73.7      34627.849259
 73.8      34589.604715
 73.9      34616.058687
 74.0      34700.162160
 74.1      34814.736923
 74.2      34921.327970
 74.3      35155.464250
 74.4      35299.237614
 74.5      35506.428729
 74.6      35575.040116
 74.7      35636.853239
 74.8      35536.077885
 74.9      35581.335762
 75.0      35543.614842
 75.1      35725.700381
 75.2      35842.670315
 75.3      36098.281767
 75.4      36264.468607
 75.5      36478.279104
 75.6      36505.160382
 75.7      36584.374117
 75.8      36471.402479
 75.9      36476.209291
 76.0      36485.197071
 76.1      36642.732354
 76.2      36829.626427
 76.3      37126.336731
 76.4      37271.938484
 76.5      37419.256782
 76.6      37457.270167
 76.7      37457.650924
 76.8      37448.041030
 76.9      37486.337826
 77.0      37527.079067
 77.1      37637.686130
 77.2      37832.025139
 77.3      38022.952280
 77.4      38268.588638
 77.5      38376.220944
 77.6      38487.836277
 77.7      38444.728633
 77.8      38477.220546
 77.9      38430.993707
 78.0      38590.169457
 78.1      38576.516714
 78.2      38822.473408
 78.3      38968.997393
 78.4      39261.400770
 78.5      39366.450748
 78.6      39528.566421
 78.7      39436.498497
 78.8      39438.486241
 78.9      39367.875931
 79.0      39485.382841
 79.1      39562.981512
 79.2      39834.107055
 79.3      40011.316824
 79.4      40330.325080
 79.5      40368.919911
 79.6      40480.502463
 79.7      40429.142666
 79.8      40439.693122
 79.9      40393.767436
 80.0      40458.344131
 80.1      40608.833125
 80.2      40867.010309
 80.3      41073.876330
 80.4      41267.514002
 80.5      41395.830543
 80.6      41423.437783
 80.7      41456.786964
 80.8      41493.210681
 80.9      41511.373726
 81.0      41497.837796
 81.1      41675.922060
 81.2      41800.349664
 81.3      42078.547214
 81.4      42288.322459
 81.5      42487.707897
 81.6      42461.847649
 81.7      42546.652773
 81.8      42441.034573
 81.9      42507.609480
 82.0      42498.252245
 82.1      42670.124296
 82.2      42815.699180
 82.3      43116.727563
 82.4      43296.775265
 82.5      43536.959085
 82.6      43528.402184
 82.7      43547.672286
 82.8      43456.271957
 82.9      43462.378370
 83.0      43521.600183
 83.1      43759.660951
 83.2      43936.424910
 83.3      44199.644581
 83.4      44381.181532
 83.5      44497.912728
 83.6      44560.952525
 83.7      44598.030259
 83.8      44558.781734
 83.9      44548.473062
 84.0      44646.557927
 84.1      44764.443233
 84.2      45029.865713
 84.3      45235.573687
 84.4      45480.933062
 84.5      45539.159545
 84.6      45669.384685
 84.7      45613.001044
 84.8      45716.487984
 84.9      45605.814524
 85.0      45742.881594
 85.1      45786.188984
 85.2      46084.884666
 85.3      46253.609873
 85.4      46654.275922
 85.5      46644.083718
 85.6      46780.695869
 85.7      46687.834960
 85.8      46714.912460
 85.9      46642.063793
 86.0      46807.320564
 86.1      46882.851904
 86.2      47150.481515
 86.3      47386.716171
 86.4      47651.148050
 86.5      47757.970325
 86.6      47857.899669
 86.7      47779.131384
 86.8      47739.849982
 86.9      47752.212746
 87.0      47878.008805
 87.1      48059.595589
 87.2      48297.206205
 87.3      48536.866542
 87.4      48691.514761
 87.5      48850.409985
 87.6      48935.079097
 87.7      48965.702766
 87.8      48866.258654
 87.9      48947.754802
 88.0      48944.745394
 88.1      49171.389957
 88.2      49417.247353
 88.3      49698.133117
 88.4      49777.805304
 88.5      50016.668328
 88.6      49996.253725
 88.7      50087.856273
 88.8      50017.144562
 88.9      50039.346876
 89.0      50021.930832
 89.1      50236.484157
 89.2      50433.747285
 89.3      50798.549797
 89.4      50973.616886
 89.5      51161.384265
 89.6      51142.861369
 89.7      51121.959480
 89.8      51064.755780
 89.9      51145.193589
 90.0      51198.836186
 90.1      51416.314667
 90.2      51648.396289
 90.3      51888.320270
 90.4      52113.552920
 90.5      52287.838576
 90.6      52306.224483
 90.7      52252.555942
 90.8      52260.521798
 90.9      52238.645249
 91.0      52401.760133
 91.1      52578.846460
 91.2      52869.056609
 91.3      52997.160804
 91.4      53279.673335
 91.5      53334.220168
 91.6      53496.971099
 91.7      53419.446964
 91.8      53611.319186
 91.9      53383.237540
 92.0      53557.119393
 92.1      53635.229947
 92.2      54020.190392
 92.3      54158.591263
 92.4      54452.646912
 92.5      54537.857664
 92.6      54652.206610
 92.7      54570.366317
 92.8      54731.013288
 92.9      54533.087845
 93.0      54662.356826
 93.1      54831.358839
 93.2      55130.830014
 93.3      55397.902998
 93.4      55754.029512
 93.5      55753.118766
 93.6      55770.347358
 93.7      55735.446115
 93.8      55707.892981
 93.9      55765.173054
 94.0      55945.348443
 94.1      56116.790367
 94.2      56316.767125
 94.3      56608.510255
 94.4      56790.550387
 94.5      56977.709667
 94.6      56973.683239
 94.7      57012.615909
 94.8      56897.914447
 94.9      57016.267836
 95.0      57109.797162
 95.1      57394.529134
 95.2      57456.968001
 95.3      57813.908005
 95.4      57936.997464
 95.5      58192.169891
 95.6      58277.222536
 95.7      58248.097220
 95.8      58096.863651
 95.9      58150.741011
 96.0      58194.917867
 96.1      58485.952775
 96.2      58785.018871
 96.3      59062.245329
 96.4      59225.488796
 96.5      59364.810070
 96.6      59373.267815
 96.7      59392.649461
 96.8      59367.992955
 96.9      59368.487133
 97.0      59476.082733
 97.1      59681.547674
 97.2      59987.721690
 97.3      60314.447501
 97.4      60627.550074
 97.5      60560.807136
 97.6      60618.460238
 97.7      60530.100685
 97.8      60585.487525
 97.9      60646.744022
 98.0      60844.291355
 98.1      60909.522121
 98.2      61257.463650
 98.3      61407.405084
 98.4      61720.298184
 98.5      61785.361193
 98.6      61946.495398
 98.7      61797.680338
 98.8      61876.216888
 98.9      61796.163895
 99.0      62015.675441
 99.1      62119.093844
 99.2      62464.156709
 99.3      62676.695624
 99.4      62971.369680
 99.5      63064.403857
 99.6      63200.962248
 99.7      63066.096563
 99.8      63058.288810
 99.9      63035.649183
100.0      63175.355004
