 AA		CEXT
  0.1000000      1.6101048E-04
  0.2000000      9.2742387E-03
  0.3000000      8.2493640E-02
  0.4000000      0.4206063    
  0.5000000       1.395584    
  0.6000000       3.006712    
  0.7000000       5.681510    
  0.8000000       9.440513    
  0.9000000       13.90182    
   1.000000       20.06511    
   1.100000       25.41513    
   1.200000       33.17908    
   1.300000       38.06094    
   1.400000       45.37154    
   1.500000       49.13025    
   1.600000       53.16306    
   1.700000       56.51244    
   1.800000       55.12835    
   1.900000       59.08125    
   2.000000       53.18296    
   2.100000       57.54424    
   2.200000       52.57746    
   2.300000       56.07249    
   2.400000       59.22446    
   2.500000       60.53633    
   2.600000       73.69521    
   2.700000       76.07269    
   2.800000       95.39691    
   2.900000       106.2087    
   3.000000       122.5195    
   3.100000       145.2065    
   3.200000       149.7629    
   3.300000       175.0950    
   3.400000       175.1427    
   3.500000       198.3340    
   3.600000       202.7639    
   3.700000       202.4271    
   3.800000       211.6637    
   3.900000       195.3720    
   4.000000       212.3012    
   4.100000       191.8547    
   4.200000       212.3393    
   4.300000       206.7935    
   4.400000       202.8951    
   4.500000       214.3250    
   4.600000       219.6953    
   4.700000       265.7923    
   4.800000       274.8598    
   4.900000       293.9701    
   5.000000       310.9327    
   5.100000       336.9772    
   5.200000       372.2969    
   5.300000       386.7708    
   5.400000       419.7001    
   5.500000       416.7468    
   5.600000       434.2607    
   5.700000       439.3061    
   5.800000       436.7274    
   5.900000       461.7567    
   6.000000       430.1407    
   6.100000       440.8342    
   6.200000       427.6103    
   6.300000       437.6368    
   6.400000       491.4734    
   6.500000       451.4232    
   6.600000       487.3279    
   6.700000       489.4882    
   6.800000       538.4840    
   6.900000       573.0612    
   7.000000       598.6106    
   7.100000       647.1092    
   7.200000       657.9102    
   7.300000       712.1963    
   7.400000       713.5897    
   7.500000       751.2482    
   7.600000       758.8771    
   7.700000       758.1681    
   7.800000       780.6102    
   7.900000       750.9318    
   8.000000       778.9493    
   8.100000       739.7484    
   8.200000       763.5812    
   8.300000       770.0175    
   8.400000       784.5186    
   8.500000       794.8026    
   8.600000       793.6956    
   8.700000       870.2339    
   8.800000       875.5803    
   8.900000       925.5240    
   9.000000       964.2614    
   9.100000       1000.476    
   9.200000       1069.116    
   9.300000       1075.242    
   9.400000       1139.986    
   9.500000       1161.779    
   9.600000       1155.865    
   9.700000       1162.907    
   9.800000       1155.795    
   9.900000       1217.960    
   10.00000       1156.422    
   10.10000       1166.180    
   10.20000       1141.649    
   10.30000       1158.718    
   10.40000       1183.570    
   10.50000       1182.786    
   10.60000       1248.038    
   10.70000       1246.700    
   10.80000       1320.398    
   10.90000       1345.672    
   11.00000       1411.524    
   11.10000       1512.739    
   11.20000       1509.943    
   11.30000       1583.339    
   11.40000       1571.859    
   11.50000       1636.678    
   11.60000       1647.221    
   11.70000       1671.985    
   11.80000       1677.528    
   11.90000       1626.586    
   12.00000       1671.830    
   12.10000       1612.645    
   12.20000       1654.666    
   12.30000       1647.222    
   12.40000       1652.078    
   12.50000       1705.242    
   12.60000       1697.328    
   12.70000       1804.167    
   12.80000       1797.576    
   12.90000       1892.124    
   13.00000       1960.300    
   13.10000       1990.318    
   13.20000       2078.460    
   13.30000       2082.737    
   13.40000       2189.349    
   13.50000       2170.962    
   13.60000       2205.444    
   13.70000       2201.944    
   13.80000       2196.367    
   13.90000       2254.668    
   14.00000       2172.416    
   14.10000       2221.814    
   14.20000       2201.127    
   14.30000       2210.705    
   14.40000       2209.640    
   14.50000       2238.091    
   14.60000       2355.628    
   14.70000       2334.745    
   14.80000       2453.639    
   14.90000       2440.390    
   15.00000       2550.974    
   15.10000       2630.974    
   15.20000       2663.933    
   15.30000       2763.484    
   15.40000       2751.796    
   15.50000       2833.265    
   15.60000       2798.652    
   15.70000       2847.461    
   15.80000       2871.230    
   15.90000       2877.754    
   16.00000       2859.445    
   16.10000       2791.967    
   16.20000       2791.967    
   16.30000       2791.967    
   16.40000       2862.071    
   16.50000       2911.644    
   16.60000       2919.161    
   16.70000       2919.161    
   16.80000       2919.161    
   16.90000       3165.877    
   17.00000       3214.982    
   17.10000       3293.337    
   17.20000       3293.337    
   17.30000       3293.337    
   17.40000       3517.118    
   17.50000       3481.080    
   17.60000       3548.569    
   17.70000       3548.569    
   17.80000       3548.569    
   17.90000       3554.807    
   18.00000       3540.142    
   18.10000       3571.079    
   18.20000       3571.079    
   18.30000       3571.079    
   18.40000       3541.217    
   18.50000       3594.409    
   18.60000       3713.603    
   18.70000       3713.603    
   18.80000       3713.603    
   18.90000       3890.866    
   19.00000       3968.812    
   19.10000       4021.224    
   19.20000       4021.224    
   19.30000       4021.224    
   19.40000       4226.999    
   19.50000       4296.468    
   19.60000       4265.785    
   19.70000       4265.785    
   19.80000       4265.785    
   19.90000       4289.638    
   20.00000       4328.626    
   20.10000       4271.785    
   20.20000       4271.785    
   20.30000       4271.785    
   20.40000       4338.233    
   20.50000       4403.673    
   20.60000       4456.517    
   20.70000       4456.517    
   20.80000       4456.517    
   20.90000       4708.063    
   21.00000       4779.370    
   21.10000       4858.116    
   21.20000       4858.116    
   21.30000       4858.116    
   21.40000       5105.472    
   21.50000       5067.322    
   21.60000       5157.614    
   21.70000       5157.614    
   21.80000       5157.614    
   21.90000       5146.698    
   22.00000       5095.738    
   22.10000       5184.623    
   22.20000       5184.623    
   22.30000       5184.623    
   22.40000       5192.667    
   22.50000       5208.563    
   22.60000       5292.023    
   22.70000       5292.023    
   22.80000       5292.023    
   22.90000       5512.678    
   23.00000       5657.875    
   23.10000       5704.551    
   23.20000       5704.551    
   23.30000       5704.551    
   23.40000       5918.332    
   23.50000       6036.403    
   23.60000       6042.790    
   23.70000       6042.790    
   23.80000       6042.790    
   23.90000       6012.740    
   24.00000       6069.931    
   24.10000       5978.623    
   24.20000       5978.623    
   24.30000       5978.623    
   24.40000       6088.529    
   24.50000       6131.414    
   24.60000       6173.660    
   24.70000       6173.660    
   24.80000       6173.660    
   24.90000       6507.884    
   25.00000       6513.385    
   25.10000       6690.775    
   25.20000       6690.775    
   25.30000       6690.775    
   25.40000       6927.243    
   25.50000       6895.976    
   25.60000       7014.458    
   25.70000       7014.458    
   25.80000       7014.458    
   25.90000       6986.577    
   26.00000       6946.392    
   26.10000       6991.289    
   26.20000       6991.289    
   26.30000       6991.289    
   26.40000       6976.591    
   26.50000       7092.671    
   26.60000       7128.680    
   26.70000       7128.680    
   26.80000       7128.680    
   26.90000       7463.436    
   27.00000       7586.281    
   27.10000       7676.878    
   27.20000       7676.878    
   27.30000       7676.878    
   27.40000       7880.444    
   27.50000       7986.742    
   27.60000       7928.966    
   27.70000       7928.966    
   27.80000       7928.966    
   27.90000       7972.953    
   28.00000       8006.473    
   28.10000       7933.889    
   28.20000       7933.889    
   28.30000       7933.889    
   28.40000       8045.826    
   28.50000       8027.573    
   28.60000       8166.517    
   28.70000       8166.517    
   28.80000       8166.517    
   28.90000       8500.475    
   29.00000       8543.492    
   29.10000       8719.033    
   29.20000       8719.033    
   29.30000       8719.033    
   29.40000       8967.324    
   29.50000       9003.619    
   29.60000       9044.441    
   29.70000       9044.441    
   29.80000       9044.441    
   29.90000       9003.078    
   30.00000       8999.231    
   30.10000       9017.234    
   30.20000       9017.234    
   30.30000       9017.234    
   30.40000       9054.324    
   30.50000       9150.602    
   30.60000       9241.549    
   30.70000       9241.549    
   30.80000       9241.549    
   30.90000       9518.814    
   31.00000       9706.622    
   31.10000       9747.453    
   31.20000       9747.453    
   31.30000       9747.453    
   31.40000       10014.17    
   31.50000       10150.17    
   31.60000       10174.55    
   31.70000       10174.55    
   31.80000       10174.55    
   31.90000       10112.88    
   32.00000       10072.14    
   32.10000       10072.14    
   32.20000       10072.14    
   32.30000       10072.14    
   32.40000       10072.14    
   32.50000       10207.38    
   32.60000       10207.38    
   32.70000       10207.38    
   32.80000       10207.38    
   32.90000       10207.38    
   33.00000       10810.57    
   33.10000       10810.57    
   33.20000       10810.57    
   33.30000       10810.57    
   33.40000       10810.57    
   33.50000       11185.89    
   33.60000       11185.89    
   33.70000       11185.89    
   33.80000       11185.89    
   33.90000       11185.89    
   34.00000       11231.63    
   34.10000       11231.63    
   34.20000       11231.63    
   34.30000       11231.63    
   34.40000       11231.63    
   34.50000       11427.42    
   34.60000       11427.42    
   34.70000       11427.42    
   34.80000       11427.42    
   34.90000       11427.42    
   35.00000       12032.84    
   35.10000       12032.84    
   35.20000       12032.84    
   35.30000       12032.84    
   35.40000       12032.84    
   35.50000       12394.66    
   35.60000       12394.66    
   35.70000       12394.66    
   35.80000       12394.66    
   35.90000       12394.66    
   36.00000       12386.65    
   36.10000       12386.65    
   36.20000       12386.65    
   36.30000       12386.65    
   36.40000       12386.65    
   36.50000       12545.06    
   36.60000       12545.06    
   36.70000       12545.06    
   36.80000       12545.06    
   36.90000       12545.06    
   37.00000       13131.19    
   37.10000       13131.19    
   37.20000       13131.19    
   37.30000       13131.19    
   37.40000       13131.19    
   37.50000       13604.23    
   37.60000       13604.23    
   37.70000       13604.23    
   37.80000       13604.23    
   37.90000       13604.23    
   38.00000       13645.61    
   38.10000       13645.61    
   38.20000       13645.61    
   38.30000       13645.61    
   38.40000       13645.61    
   38.50000       13846.35    
   38.60000       13846.35    
   38.70000       13846.35    
   38.80000       13846.35    
   38.90000       13846.35    
   39.00000       14424.76    
   39.10000       14424.76    
   39.20000       14424.76    
   39.30000       14424.76    
   39.40000       14424.76    
   39.50000       14852.86    
   39.60000       14852.86    
   39.70000       14852.86    
   39.80000       14852.86    
   39.90000       14852.86    
   40.00000       14829.51    
   40.10000       14829.51    
   40.20000       14829.51    
   40.30000       14829.51    
   40.40000       14829.51    
   40.50000       15021.01    
   40.60000       15021.01    
   40.70000       15021.01    
   40.80000       15021.01    
   40.90000       15021.01    
   41.00000       15671.15    
   41.10000       15671.15    
   41.20000       15671.15    
   41.30000       15671.15    
   41.40000       15671.15    
   41.50000       16122.04    
   41.60000       16122.04    
   41.70000       16122.04    
   41.80000       16122.04    
   41.90000       16122.04    
   42.00000       16156.33    
   42.10000       16156.33    
   42.20000       16156.33    
   42.30000       16156.33    
   42.40000       16156.33    
   42.50000       16376.66    
   42.60000       16376.66    
   42.70000       16376.66    
   42.80000       16376.66    
   42.90000       16376.66    
   43.00000       17012.62    
   43.10000       17012.62    
   43.20000       17012.62    
   43.30000       17012.62    
   43.40000       17012.62    
   43.50000       17404.19    
   43.60000       17404.19    
   43.70000       17404.19    
   43.80000       17404.19    
   43.90000       17404.19    
   44.00000       17520.04    
   44.10000       17520.04    
   44.20000       17520.04    
   44.30000       17520.04    
   44.40000       17520.04    
   44.50000       17611.77    
   44.60000       17611.77    
   44.70000       17611.77    
   44.80000       17611.77    
   44.90000       17611.77    
   45.00000       18283.07    
   45.10000       18283.07    
   45.20000       18283.07    
   45.30000       18283.07    
   45.40000       18283.07    
   45.50000       18764.79    
   45.60000       18764.79    
   45.70000       18764.79    
   45.80000       18764.79    
   45.90000       18764.79    
   46.00000       18818.42    
   46.10000       18818.42    
   46.20000       18818.42    
   46.30000       18818.42    
   46.40000       18818.42    
   46.50000       19039.38    
   46.60000       19039.38    
   46.70000       19039.38    
   46.80000       19039.38    
   46.90000       19039.38    
   47.00000       19631.55    
   47.10000       19631.55    
   47.20000       19631.55    
   47.30000       19631.55    
   47.40000       19631.55    
   47.50000       20187.81    
   47.60000       20187.81    
   47.70000       20187.81    
   47.80000       20187.81    
   47.90000       20187.81    
   48.00000       20057.79    
   48.10000       20057.79    
   48.20000       20057.79    
   48.30000       20057.79    
   48.40000       20057.79    
   48.50000       20327.51    
   48.60000       20327.51    
   48.70000       20327.51    
   48.80000       20327.51    
   48.90000       20327.51    
   49.00000       21037.46    
   49.10000       21037.46    
   49.20000       21037.46    
   49.30000       21037.46    
   49.40000       21037.46    
   49.50000       21511.83    
   49.60000       21511.83    
   49.70000       21511.83    
   49.80000       21511.83    
   49.90000       21511.83    
   50.00000       21517.87    
   50.10000       21517.87    
   50.20000       21517.87    
   50.30000       21517.87    
   50.40000       21517.87    
   50.50000       21713.45    
   50.60000       21713.45    
   50.70000       21713.45    
   50.80000       21713.45    
   50.90000       21713.45    
   51.00000       22488.09    
   51.10000       22488.09    
   51.20000       22488.09    
   51.30000       22488.09    
   51.40000       22488.09    
   51.50000       22803.59    
   51.60000       22803.59    
   51.70000       22803.59    
   51.80000       22803.59    
   51.90000       22803.59    
   52.00000       22841.87    
   52.10000       22841.87    
   52.20000       22841.87    
   52.30000       22841.87    
   52.40000       22841.87    
   52.50000       23214.49    
   52.60000       23214.49    
   52.70000       23214.49    
   52.80000       23214.49    
   52.90000       23214.49    
   53.00000       23822.93    
   53.10000       23822.93    
   53.20000       23822.93    
   53.30000       23822.93    
   53.40000       23822.93    
   53.50000       24275.02    
   53.60000       24275.02    
   53.70000       24275.02    
   53.80000       24275.02    
   53.90000       24275.02    
   54.00000       24277.49    
   54.10000       24277.49    
   54.20000       24277.49    
   54.30000       24277.49    
   54.40000       24277.49    
   54.50000       24639.59    
   54.60000       24639.59    
   54.70000       24639.59    
   54.80000       24639.59    
   54.90000       24639.59    
   55.00000       25175.62    
   55.10000       25175.62    
   55.20000       25175.62    
   55.30000       25175.62    
   55.40000       25175.62    
   55.50000       25622.80    
   55.60000       25622.80    
   55.70000       25622.80    
   55.80000       25622.80    
   55.90000       25622.80    
   56.00000       25653.31    
   56.10000       25653.31    
   56.20000       25653.31    
   56.30000       25653.31    
   56.40000       25653.31    
   56.50000       25954.59    
   56.60000       25954.59    
   56.70000       25954.59    
   56.80000       25954.59    
   56.90000       25954.59    
   57.00000       26681.43    
   57.10000       26681.43    
   57.20000       26681.43    
   57.30000       26681.43    
   57.40000       26681.43    
   57.50000       27130.76    
   57.60000       27130.76    
   57.70000       27130.76    
   57.80000       27130.76    
   57.90000       27130.76    
   58.00000       27204.75    
   58.10000       27204.75    
   58.20000       27204.75    
   58.30000       27204.75    
   58.40000       27204.75    
   58.50000       27331.46    
   58.60000       27331.46    
   58.70000       27331.46    
   58.80000       27331.46    
   58.90000       27331.46    
   59.00000       28060.15    
   59.10000       28060.15    
   59.20000       28060.15    
   59.30000       28060.15    
   59.40000       28060.15    
   59.50000       28472.20    
   59.60000       28472.20    
   59.70000       28472.20    
   59.80000       28472.20    
   59.90000       28472.20    
   60.00000       28534.11    
   60.10000       28534.11    
   60.20000       28534.11    
   60.30000       28534.11    
   60.40000       28534.11    
   60.50000       29012.99    
   60.60000       29012.99    
   60.70000       29012.99    
   60.80000       29012.99    
   60.90000       29012.99    
   61.00000       29549.82    
   61.10000       29549.82    
   61.20000       29549.82    
   61.30000       29549.82    
   61.40000       29549.82    
   61.50000       30020.50    
   61.60000       30020.50    
   61.70000       30020.50    
   61.80000       30020.50    
   61.90000       30020.50    
   62.00000       29931.54    
   62.10000       29931.54    
   62.20000       29931.54    
   62.30000       29931.54    
   62.40000       29931.54    
   62.50000       30284.67    
   62.60000       30284.67    
   62.70000       30284.67    
   62.80000       30284.67    
   62.90000       30284.67    
   63.00000       30933.27    
   63.10000       30933.27    
   63.20000       30933.27    
   63.30000       30933.27    
   63.40000       30933.27    
   63.50000       31379.02    
   63.60000       31379.02    
   63.70000       31379.02    
   63.80000       31379.02    
   63.90000       31379.02    
   64.00000       31417.74    
   64.10000       31417.74    
   64.20000       31417.74    
   64.30000       31417.74    
   64.40000       31417.74    
   64.50000       31730.01    
   64.60000       31730.01    
   64.70000       31730.01    
   64.80000       31730.01    
   64.90000       31730.01    
   65.00000       32483.25    
   65.10000       32483.25    
   65.20000       32483.25    
   65.30000       32483.25    
   65.40000       32483.25    
   65.50000       32832.00    
   65.60000       32832.00    
   65.70000       32832.00    
   65.80000       32832.00    
   65.90000       32832.00    
   66.00000       32890.91    
   66.10000       32890.91    
   66.20000       32890.91    
   66.30000       32890.91    
   66.40000       32890.91    
   66.50000       33125.61    
   66.60000       33125.61    
   66.70000       33125.61    
   66.80000       33125.61    
   66.90000       33125.61    
   67.00000       34019.56    
   67.10000       34019.56    
   67.20000       34019.56    
   67.30000       34019.56    
   67.40000       34019.56    
   67.50000       34251.40    
   67.60000       34251.40    
   67.70000       34251.40    
   67.80000       34251.40    
   67.90000       34251.40    
   68.00000       34310.49    
   68.10000       34310.49    
   68.20000       34310.49    
   68.30000       34310.49    
   68.40000       34310.49    
   68.50000       34701.38    
   68.60000       34701.38    
   68.70000       34701.38    
   68.80000       34701.38    
   68.90000       34701.38    
   69.00000       35382.64    
   69.10000       35382.64    
   69.20000       35382.64    
   69.30000       35382.64    
   69.40000       35382.64    
   69.50000       35706.96    
   69.60000       35706.96    
   69.70000       35706.96    
   69.80000       35706.96    
   69.90000       35706.96    
   70.00000       35681.09    
   70.10000       35681.09    
   70.20000       35681.09    
   70.30000       35681.09    
   70.40000       35681.09    
   70.50000       36129.19    
   70.60000       36129.19    
   70.70000       36129.19    
   70.80000       36129.19    
   70.90000       36129.19    
   71.00000       36748.29    
   71.10000       36748.29    
   71.20000       36748.29    
   71.30000       36748.29    
   71.40000       36748.29    
   71.50000       37167.05    
   71.60000       37167.05    
   71.70000       37167.05    
   71.80000       37167.05    
   71.90000       37167.05    
   72.00000       37261.14    
   72.10000       37261.14    
   72.20000       37261.14    
   72.30000       37261.14    
   72.40000       37261.14    
   72.50000       37573.88    
   72.60000       37573.88    
   72.70000       37573.88    
   72.80000       37573.88    
   72.90000       37573.88    
   73.00000       38188.10    
   73.10000       38188.10    
   73.20000       38188.10    
   73.30000       38188.10    
   73.40000       38188.10    
   73.50000       38537.34    
   73.60000       38537.34    
   73.70000       38537.34    
   73.80000       38537.34    
   73.90000       38537.34    
   74.00000       38663.06    
   74.10000       38663.06    
   74.20000       38663.06    
   74.30000       38663.06    
   74.40000       38663.06    
   74.50000       38966.12    
   74.60000       38966.12    
   74.70000       38966.12    
   74.80000       38966.12    
   74.90000       38966.12    
   75.00000       39653.43    
   75.10000       39653.43    
   75.20000       39653.43    
   75.30000       39653.43    
   75.40000       39653.43    
   75.50000       40059.86    
   75.60000       40059.86    
   75.70000       40059.86    
   75.80000       40059.86    
   75.90000       40059.86    
   76.00000       40113.63    
   76.10000       40113.63    
   76.20000       40113.63    
   76.30000       40113.63    
   76.40000       40113.63    
   76.50000       40410.32    
   76.60000       40410.32    
   76.70000       40410.32    
   76.80000       40410.32    
   76.90000       40410.32    
   77.00000       41078.77    
   77.10000       41078.77    
   77.20000       41078.77    
   77.30000       41078.77    
   77.40000       41078.77    
   77.50000       41484.39    
   77.60000       41484.39    
   77.70000       41484.39    
   77.80000       41484.39    
   77.90000       41484.39    
   78.00000       41474.89    
   78.10000       41474.89    
   78.20000       41474.89    
   78.30000       41474.89    
   78.40000       41474.89    
   78.50000       41854.88    
   78.60000       41854.88    
   78.70000       41854.88    
   78.80000       41854.88    
   78.90000       41854.88    
   79.00000       42536.35    
   79.10000       42536.35    
   79.20000       42536.35    
   79.30000       42536.35    
   79.40000       42536.35    
   79.50000       42924.43    
   79.60000       42924.43    
   79.70000       42924.43    
   79.80000       42924.43    
   79.90000       42924.43    
   80.00000       42941.12    
   80.10000       42941.12    
   80.20000       42941.12    
   80.30000       42941.12    
   80.40000       42941.12    
   80.50000       43312.00    
   80.60000       43312.00    
   80.70000       43312.00    
   80.80000       43312.00    
   80.90000       43312.00    
   81.00000       43971.45    
   81.10000       43971.45    
   81.20000       43971.45    
   81.30000       43971.45    
   81.40000       43971.45    
   81.50000       44241.50    
   81.60000       44241.50    
   81.70000       44241.50    
   81.80000       44241.50    
   81.90000       44241.50    
   82.00000       44385.37    
   82.10000       44385.37    
   82.20000       44385.37    
   82.30000       44385.37    
   82.40000       44385.37    
   82.50000       44740.15    
   82.60000       44740.15    
   82.70000       44740.15    
   82.80000       44740.15    
   82.90000       44740.15    
   83.00000       45408.12    
   83.10000       45408.12    
   83.20000       45408.12    
   83.30000       45408.12    
   83.40000       45408.12    
   83.50000       45707.63    
   83.60000       45707.63    
   83.70000       45707.63    
   83.80000       45707.63    
   83.90000       45707.63    
   84.00000       45792.54    
   84.10000       45792.54    
   84.20000       45792.54    
   84.30000       45792.54    
   84.40000       45792.54    
   84.50000       46175.57    
   84.60000       46175.57    
   84.70000       46175.57    
   84.80000       46175.57    
   84.90000       46175.57    
   85.00000       46725.48    
   85.10000       46725.48    
   85.20000       46725.48    
   85.30000       46725.48    
   85.40000       46725.48    
   85.50000       47095.86    
   85.60000       47095.86    
   85.70000       47095.86    
   85.80000       47095.86    
   85.90000       47095.86    
   86.00000       47189.00    
   86.10000       47189.00    
   86.20000       47189.00    
   86.30000       47189.00    
   86.40000       47189.00    
   86.50000       47580.19    
   86.60000       47580.19    
   86.70000       47580.19    
   86.80000       47580.19    
   86.90000       47580.19    
   87.00000       48156.41    
   87.10000       48156.41    
   87.20000       48156.41    
   87.30000       48156.41    
   87.40000       48156.41    
   87.50000       48522.93    
   87.60000       48522.93    
   87.70000       48522.93    
   87.80000       48522.93    
   87.90000       48522.93    
   88.00000       48642.77    
   88.10000       48642.77    
   88.20000       48642.77    
   88.30000       48642.77    
   88.40000       48642.77    
   88.50000       48923.15    
   88.60000       48923.15    
   88.70000       48923.15    
   88.80000       48923.15    
   88.90000       48923.15    
   89.00000       49530.05    
   89.10000       49530.05    
   89.20000       49530.05    
   89.30000       49530.05    
   89.40000       49530.05    
   89.50000       49861.16    
   89.60000       49861.16    
   89.70000       49861.16    
   89.80000       49861.16    
   89.90000       49861.16    
   90.00000       50011.14    
   90.10000       50011.14    
   90.20000       50011.14    
   90.30000       50011.14    
   90.40000       50011.14    
   90.50000       50326.91    
   90.60000       50326.91    
   90.70000       50326.91    
   90.80000       50326.91    
   90.90000       50326.91    
   91.00000       50979.95    
   91.10000       50979.95    
   91.20000       50979.95    
   91.30000       50979.95    
   91.40000       50979.95    
   91.50000       51333.61    
   91.60000       51333.61    
   91.70000       51333.61    
   91.80000       51333.61    
   91.90000       51333.61    
   92.00000       51323.57    
   92.10000       51323.57    
   92.20000       51323.57    
   92.30000       51323.57    
   92.40000       51323.57    
   92.50000       51660.19    
   92.60000       51660.19    
   92.70000       51660.19    
   92.80000       51660.19    
   92.90000       51660.19    
   93.00000       52274.84    
   93.10000       52274.84    
   93.20000       52274.84    
   93.30000       52274.84    
   93.40000       52274.84    
   93.50000       52617.16    
   93.60000       52617.16    
   93.70000       52617.16    
   93.80000       52617.16    
   93.90000       52617.16    
   94.00000       52706.45    
   94.10000       52706.45    
   94.20000       52706.45    
   94.30000       52706.45    
   94.40000       52706.45    
   94.50000       53127.85    
   94.60000       53127.85    
   94.70000       53127.85    
   94.80000       53127.85    
   94.90000       53127.85    
   95.00000       53734.32    
   95.10000       53734.32    
   95.20000       53734.32    
   95.30000       53734.32    
   95.40000       53734.32    
   95.50000       53940.17    
   95.60000       53940.17    
   95.70000       53940.17    
   95.80000       53940.17    
   95.90000       53940.17    
   96.00000       53996.87    
   96.10000       53996.87    
   96.20000       53996.87    
   96.30000       53996.87    
   96.40000       53996.87    
   96.50000       54433.74    
   96.60000       54433.74    
   96.70000       54433.74    
   96.80000       54433.74    
   96.90000       54433.74    
   97.00000       55004.36    
   97.10000       55004.36    
   97.20000       55004.36    
   97.30000       55004.36    
   97.40000       55004.36    
   97.50000       55287.84    
   97.60000       55287.84    
   97.70000       55287.84    
   97.80000       55287.84    
   97.90000       55287.84    
   98.00000       55431.38    
   98.10000       55431.38    
   98.20000       55431.38    
   98.30000       55431.38    
   98.40000       55431.38    
   98.50000       55838.18    
   98.60000       55838.18    
   98.70000       55838.18    
   98.80000       55838.18    
   98.90000       55838.18    
   99.00000       56320.72    
   99.10000       56320.72    
   99.20000       56320.72    
   99.30000       56320.72    
   99.40000       56320.72    
   99.50000       56564.69    
   99.60000       56564.69    
   99.70000       56564.69    
   99.80000       56564.69    
   99.90000       56564.69    
   100.0000       56798.30    
