  AA        CEXT     
  1.0          5.473597
  1.1          7.275434
  1.2         11.059926
  1.3         13.747427
  1.4         17.614356
  1.5         18.488990
  1.6         18.952568
  1.7         19.285349
  1.8         18.330918
  1.9         22.232167
  2.0         26.852326
  2.1         32.755810
  2.2         38.181817
  2.3         39.767570
  2.4         41.574023
  2.5         42.405800
  2.6         42.393414
  2.7         45.185058
  2.8         50.920116
  2.9         61.181069
  3.0         65.910851
  3.1         71.890379
  3.2         71.012245
  3.3         70.055571
  3.4         72.696316
  3.5         74.124733
  3.6         84.659156
  3.7         93.868490
  3.8        103.794338
  3.9        109.645679
  4.0        109.677908
  4.1        113.514111
  4.2        108.222265
  4.3        113.539709
  4.4        124.626361
  4.5        134.705057
  4.6        150.436251
  4.7        153.946867
  4.8        158.777892
  4.9        156.774025
  5.0        154.933806
  5.1        163.765109
  5.2        169.616948
  5.3        187.537789
  5.4        200.660478
  5.5        210.883665
  5.6        215.741780
  5.7        208.752239
  5.8        213.152039
  5.9        215.217606
  6.0        224.285755
  6.1        246.255877
  6.2        263.292752
  6.3        275.122170
  6.4        275.906706
  6.5        274.387019
  6.5        276.097241
  6.6        274.943705
  6.7        293.046372
  6.8        308.400981
  6.9        330.796060
  7.0        344.246671
  7.1        345.240723
  7.2        352.010781
  7.3        343.977316
  7.4        347.155215
  7.5        362.516518
  7.6        385.852252
  7.7        406.654062
  7.8        418.665522
  7.9        435.087870
  8.0        427.654848
  8.1        421.527050
  8.2        431.024692
  8.3        438.554471
  8.4        466.358205
  8.5        486.570682
  8.6        506.468894
  8.7        519.414795
  8.8        512.414841
  8.9        516.171654
  9.0        514.338969
  9.1        530.676333
  9.2        553.530224
  9.3        573.488628
  9.4        607.328716
  9.5        610.243845
  9.6        609.334118
  9.7        612.895075
  9.8        607.684407
  9.9        628.219054
 10.0        645.189636
 10.1        677.902319
 10.2        703.667942
 10.3        709.512348
 10.4        723.252077
 10.5        713.411420
 10.6        716.413636
 10.7        733.654509
 10.8        746.476705
 10.9        786.441821
 11.0        807.327759
 11.1        826.894613
 11.2        832.972435
 11.3        825.144936
 11.4        831.311133
 11.5        836.327417
 11.6        865.435122
 11.7        895.349899
 11.8        920.932240
 11.9        949.424896
 12.0        949.650827
 12.1        952.560550
 12.2        949.854098
 12.3        957.255746
 12.4        984.071086
 12.5       1011.901490
 12.6       1055.696189
 12.7       1071.580352
 12.8       1080.295259
 12.9       1082.091674
 13.0       1075.156150
 13.1       1091.126274
 13.2       1106.192024
 13.3       1145.334736
 13.4       1182.662150
 13.5       1202.378049
 13.6       1225.200659
 13.7       1216.859670
 13.8       1218.723504
 13.9       1223.260557
 14.0       1238.495344
 14.1       1287.398225
 14.2       1315.267696
 14.3       1350.017336
 14.4       1368.201943
 14.5       1363.341541
 14.6       1367.901585
 14.7       1376.532343
 14.8       1394.716179
 14.9       1425.469611
 15.0       1458.122396
 15.1       1506.358291
 15.2       1518.249720
 15.3       1527.245884
 15.4       1517.097001
 15.5       1519.490236
 15.6       1542.818087
 15.7       1570.266887
 15.8       1621.259190
 15.9       1675.929857
 16.0       1682.713115
 16.1       1687.438162
 16.2       1688.910577
 16.3       1684.332359
 16.4       1696.880786
 16.5       1728.584651
 16.6       1783.384958
 16.7       1828.432234
 16.8       1854.145233
 16.9       1852.893782
 17.0       1859.051162
 17.1       1849.320139
 17.2       1858.993939
 17.3       1905.530323
 17.4       1964.426727
 17.5       2004.278379
 17.5       2026.090069
 17.6       2043.716723
 17.7       2034.098987
 17.8       2021.186533
 17.9       2041.313368
 18.0       2075.992207
 18.1       2135.196491
 18.2       2183.856501
 18.3       2203.466268
 18.4       2227.490148
 18.5       2216.342609
 18.6       2204.141099
 18.7       2231.068026
 18.8       2271.725073
 18.9       2322.855160
 19.0       2363.746852
 19.1       2400.413580
 19.2       2422.176756
 19.3       2404.782250
 19.4       2412.829545
 19.5       2418.658709
 19.6       2456.408272
 19.7       2510.158991
 19.8       2552.007628
 19.9       2603.131550
 20.0       2618.712693
 20.1       2609.793003
 20.2       2615.390709
 20.3       2629.728776
 20.4       2656.037684
 20.5       2701.803873
 20.6       2756.892816
 20.7       2809.776170
 20.8       2822.137798
 20.9       2833.229984
 21.0       2825.299895
 21.1       2833.439700
 21.2       2859.585212
 21.3       2904.447215
 21.4       2971.668086
 21.5       3017.390751
 21.6       3050.560634
 21.7       3048.871694
 21.8       3051.498301
 21.9       3051.994011
 22.0       3067.964120
 22.1       3125.572790
 22.2       3185.316423
 22.3       3236.584830
 22.4       3275.968958
 22.5       3276.844811
 22.6       3281.309420
 22.7       3270.820266
 22.8       3291.579744
 22.9       3359.438173
 23.0       3402.314528
 23.1       3480.375099
 23.2       3502.514567
 23.3       3517.097565
 23.4       3517.492622
 23.5       3498.144083
 23.6       3534.779878
 23.7       3575.427908
 23.8       3643.002443
 23.9       3710.283669
 24.0       3741.164667
 24.1       3770.581844
 24.2       3753.517069
 24.3       3745.503349
 24.4       3777.592784
 24.5       3806.852874
 24.6       3887.764987
 24.7       3947.453986
 24.8       3992.906820
 24.9       4019.272302
 25.0       4000.789795
 25.1       4008.781782
 25.2       4017.904703
 25.3       4068.646862
 25.4       4130.259304
 25.5       4195.331871
 25.6       4256.980063
 25.7       4271.981578
 25.8       4271.103044
 25.9       4268.068673
 26.0       4279.187155
 26.1       4315.640182
 26.2       4380.687645
 26.3       4460.169238
 26.4       4513.703592
 26.5       4540.207974
 26.6       4546.571720
 26.7       4531.689840
 26.8       4548.193636
 26.9       4573.721953
 27.0       4643.607250
 27.1       4727.072373
 27.2       4780.336073
 27.3       4827.934788
 27.4       4819.685364
 27.5       4827.453149
 27.6       4815.477316
 27.7       4840.287397
 27.8       4927.402288
 27.9       4989.774912
 28.0       5066.265541
 28.1       5110.277167
 28.2       5111.174077
 28.3       5103.237164
 28.4       5091.995902
 28.5       5126.029248
 28.5       5200.441315
 28.6       5266.734708
 28.7       5362.153563
 28.8       5400.720523
 28.9       5404.945107
 29.0       5395.542750
 29.1       5377.600602
 29.2       5453.065733
 29.3       5477.604108
 29.4       5568.118800
 29.5       5651.608919
 29.6       5703.354509
 29.7       5703.125191
 29.8       5692.349276
 29.9       5690.205931
 30.0       5718.134542
 30.1       5776.191284
 30.2       5866.554943
 30.3       5969.220866
 30.4       5990.734160
 30.5       6012.803757
 30.6       6000.537733
 30.7       6008.527029
 30.8       6021.988434
 30.9       6087.568824
 31.0       6164.249821
 31.1       6254.575492
 31.2       6302.705893
 31.3       6325.843306
 31.4       6334.958160
 31.5       6314.993235
 31.6       6350.250370
 31.7       6393.232516
 31.8       6476.235260
 31.9       6559.527102
 32.0       6618.507084
 32.1       6658.757754
 32.2       6662.559907
 32.3       6650.917868
 32.4       6675.274348
 32.5       6701.942517
 32.6       6786.024479
 32.7       6880.713872
 32.8       6940.677629
 32.9       7001.573728
 33.0       6990.330094
 33.1       6996.776080
 33.2       6997.792451
 33.3       7023.095042
 33.4       7117.378422
 33.5       7200.548435
 33.6       7293.354834
 33.7       7349.318676
 33.8       7347.360464
 33.9       7341.225093
 34.0       7324.723807
 34.1       7358.731075
 34.2       7452.376360
 34.3       7534.091820
 34.4       7633.407248
 34.5       7697.721622
 34.6       7696.764593
 34.7       7684.462358
 34.8       7665.374888
 34.9       7712.266362
 35.0       7785.762894
 35.1       7891.497247
 35.2       8009.691488
 35.3       8049.118178
 35.4       8054.084615
 35.5       8034.552858
 35.6       8027.092881
 35.7       8064.588823
 35.8       8146.923414
 35.9       8232.963484
 36.0       8369.960232
 36.1       8407.645023
 36.2       8411.066189
 36.3       8401.988937
 36.4       8398.468603
 36.5       8422.903142
 36.6       8501.282809
 36.7       8613.377245
 36.8       8711.699417
 36.9       8767.521203
 37.0       8779.170791
 37.1       8789.675822
 37.2       8766.932028
 37.3       8814.576955
 37.4       8857.911277
 37.5       8968.878414
 37.6       9083.781668
 37.7       9129.189290
 37.8       9170.297766
 37.9       9175.110058
 38.0       9158.684311
 38.1       9180.040113
 38.2       9238.683816
 38.3       9343.359554
 38.4       9447.301468
 38.5       9506.273503
 38.6       9576.259795
 38.7       9559.448247
 38.8       9556.343178
 38.9       9564.243538
 39.0       9614.825549
 39.1       9727.547498
 39.2       9815.936021
 39.3       9911.015071
 39.4       9971.757046
 39.5       9981.063688
 39.5       9948.106835
 39.6       9962.252605
 39.7      10013.818167
 39.8      10104.228294
 39.9      10205.007599
 40.0      10319.573581
 40.1      10379.122801
 40.2      10369.392398
 40.3      10359.631624
 40.4      10368.257992
 40.5      10408.302671
 40.6      10492.236302
 40.7      10618.990248
 40.8      10719.918151
 40.9      10796.105080
 41.0      10779.981535
 41.1      10782.293235
 41.2      10789.790046
 41.3      10804.677430
 41.4      10908.723541
 41.5      11023.758414
 41.6      11157.526483
 41.7      11195.328546
 41.8      11205.094793
 41.9      11221.584167
 42.0      11197.985078
 42.1      11221.336535
 42.2      11337.049592
 42.3      11437.883855
 42.4      11552.406236
 42.5      11616.135744
 42.6      11642.085649
 42.7      11659.201544
 42.8      11616.080450
 42.9      11672.382536
 43.0      11752.057688
 43.1      11861.266545
 43.2      11971.759250
 43.3      12044.854783
 43.4      12103.159331
 43.5      12086.576442
 43.6      12063.556921
 43.7      12121.456535
 43.8      12203.620152
 43.9      12270.309970
 44.0      12404.060128
 44.1      12490.657841
 44.2      12545.409475
 44.3      12529.401227
 44.4      12535.825749
 44.5      12579.555968
 44.6      12600.511928
 44.7      12709.029741
 44.8      12841.408805
 44.9      12949.932231
 45.0      12990.110636
 45.1      13006.450746
 45.2      13030.925461
 45.3      13012.851940
 45.4      13036.613093
 45.5      13155.571200
 45.6      13304.474708
 45.7      13389.317451
 45.8      13460.328975
 45.9      13482.468614
 46.0      13478.671608
 46.1      13450.850640
 46.2      13493.890732
 46.3      13613.401638
 46.4      13753.000595
 46.5      13843.872286
 46.6      13954.831760
 46.7      13962.840608
 46.8      13922.632280
 46.9      13920.318345
 47.0      13955.445745
 47.1      14097.985729
 47.2      14196.094427
 47.3      14337.303768
 47.4      14431.172551
 47.5      14418.871907
 47.6      14401.700569
 47.7      14400.272433
 47.8      14443.943169
 47.9      14551.283711
 48.0      14665.367458
 48.1      14827.855831
 48.2      14902.440105
 48.3      14892.323041
 48.4      14904.325692
 48.5      14882.700627
 48.6      14936.974431
 48.7      15018.164173
 48.8      15165.554530
 48.9      15306.226145
 49.0      15370.956422
 49.1      15394.157558
 49.2      15407.842607
 49.3      15405.531266
 49.4      15413.904043
 49.5      15524.666815
 49.6      15649.331743
 49.7      15781.773503
 49.8      15855.100094
 49.9      15912.240693
 50.0      15921.370145
 50.1      15895.353607
 50.2      15924.380093
 50.3      16021.046001
 50.4      16129.146498
 50.5      16262.475185
 50.5      16366.230129
 50.6      16427.343155
 50.7      16461.890806
 50.8      16400.844907
 50.9      16461.135095
 51.0      16516.932838
 51.1      16613.288945
 51.2      16763.724974
 51.3      16880.819291
 51.4      16974.055929
 51.5      16961.942656
 51.6      16957.508094
 51.7      16976.662891
 51.8      17006.254727
 51.9      17113.092905
 52.0      17286.905653
 52.1      17397.248540
 52.2      17501.694631
 52.3      17504.280623
 52.4      17486.382963
 52.5      17498.256627
 52.6      17505.733997
 52.7      17642.744699
 52.8      17800.588207
 52.9      17948.535457
 53.0      18050.762510
 53.1      18047.949965
 53.2      18034.790783
 53.3      18012.177388
 53.4      18030.402413
 53.5      18185.098469
 53.6      18336.348422
 53.7      18458.842650
 53.8      18594.379912
 53.9      18583.480346
 54.0      18576.615529
 54.1      18538.983941
 54.2      18589.375488
 54.3      18717.396250
 54.4      18858.603279
 54.5      19024.191822
 54.6      19115.094646
 54.7      19141.967018
 54.8      19118.249572
 54.9      19097.413414
 55.0      19147.785276
 55.1      19288.564018
 55.2      19373.920841
 55.3      19556.219892
 55.4      19673.414011
 55.5      19686.470768
 55.6      19678.261886
 55.7      19679.033496
 55.8      19719.550559
 55.9      19798.725812
 56.0      19926.089597
 56.1      20106.865978
 56.2      20224.891355
 56.3      20241.565945
 56.4      20275.149526
 56.5      20249.088872
 56.6      20287.919618
 56.7      20340.453966
 56.8      20479.601889
 56.9      20683.780406
 57.0      20765.269817
 57.1      20826.005906
 57.2      20872.023159
 57.3      20863.912323
 57.4      20836.175526
 57.5      20906.119428
 57.6      21055.818240
 57.7      21233.722290
 57.8      21323.638972
 57.9      21445.218305
 58.0      21468.943817
 58.1      21407.479463
 58.2      21418.591681
 58.3      21480.060209
 58.4      21640.509879
 58.5      21782.761667
 58.6      21922.016723
 58.7      22048.249169
 58.8      22059.092094
 58.9      21991.963875
 59.0      22016.367042
 59.1      22083.689625
 59.2      22201.561488
 59.3      22357.715295
 59.4      22534.877801
 59.5      22686.386355
 59.6      22623.650531
 59.7      22606.837021
 59.8      22627.813483
 59.9      22666.808078
 60.0      22776.180393
 60.1      22973.360182
 60.2      23153.539344
 60.3      23234.156911
 60.4      23226.232645
 60.5      23232.929418
 60.6      23258.648635
 60.7      23246.470845
 60.8      23392.728742
 60.9      23579.478823
 61.0      23735.087565
 61.1      23823.758720
 61.2      23852.392582
 61.3      23886.486170
 61.4      23851.376478
 61.5      23854.414206
 61.5      24045.004953
 61.6      24198.276296
 61.7      24311.631346
 61.8      24439.555069
 61.9      24486.269240
 62.0      24527.390103
 62.1      24456.770631
 62.2      24517.194474
 62.3      24697.455430
 62.4      24747.295979
 62.5      24922.725072
 62.6      25067.870501
 62.7      25155.931767
 62.8      25142.670253
 62.9      25104.002478
 63.0      25192.432779
 63.1      25246.587872
 63.2      25343.181271
 63.3      25555.748148
 63.4      25707.075920
 63.5      25782.489061
 63.6      25780.942014
 63.7      25784.211208
 63.8      25812.445439
 63.9      25841.369632
 64.0      25974.359503
 64.1      26193.070206
 64.2      26356.498346
 64.3      26413.186130
 64.4      26471.407328
 64.5      26444.375134
 64.6      26434.969623
 64.7      26464.752019
 64.8      26623.693558
 64.9      26860.188903
 65.0      26966.821868
 65.1      27085.433540
 65.2      27142.740526
 65.3      27090.376696
 65.4      27074.672226
 65.5      27121.864319
 65.6      27283.960626
 65.7      27483.274227
 65.8      27603.029181
 65.9      27788.437739
 66.0      27800.793878
 66.1      27741.667277
 66.2      27743.071376
 66.3      27786.239320
 66.4      27971.688702
 66.5      28101.587666
 66.6      28303.210260
 66.7      28458.919501
 66.8      28447.989629
 66.9      28416.619702
 67.0      28435.317393
 67.1      28483.323093
 67.2      28599.794235
 67.3      28764.425029
 67.4      28977.275296
 67.5      29117.873636
 67.6      29105.417137
 67.7      29126.638827
 67.8      29124.979290
 67.9      29156.174596
 68.0      29257.281040
 68.1      29456.292104
 68.2      29651.879816
 68.3      29768.913380
 68.4      29795.381291
 68.5      29846.651911
 68.6      29859.277565
 68.7      29814.952874
 68.8      29982.290477
 68.9      30122.968445
 69.0      30312.154748
 69.1      30432.673212
 69.2      30520.062595
 69.3      30577.985091
 69.4      30513.165994
 69.5      30537.955767
 69.6      30652.661253
 69.7      30793.683764
 69.8      30975.595907
 69.9      31134.163899
 70.0      31241.846048
 70.1      31345.731050
 70.2      31212.057257
 70.3      31265.793472
 70.4      31351.045344
 70.5      31455.430754
 70.6      31661.566233
 70.7      31852.892076
 70.8      32007.720767
 70.9      31992.438861
 71.0      31974.589044
 71.1      31980.806131
 71.2      32029.732998
 71.3      32134.948100
 71.4      32388.425346
 71.5      32570.619060
 71.6      32708.554122
 71.7      32755.818431
 71.8      32677.837212
 71.9      32715.689503
 72.0      32707.133029
 72.1      32855.329272
 72.2      33108.555662
 72.3      33296.345834
 72.4      33458.708752
 72.5      33446.587921
 72.5      33439.500680
 72.6      33434.791587
 72.7      33412.694970
 72.8      33610.809113
 72.9      33863.900206
 73.0      33971.078908
 73.1      34151.357047
 73.2      34183.777414
 73.3      34184.446066
 73.4      34138.176400
 73.5      34172.332943
 73.6      34358.284746
 73.7      34522.206052
 73.8      34693.878000
 73.9      34878.517116
 74.0      34951.258217
 74.1      34927.332752
 74.2      34889.669142
 74.3      34942.129130
 74.4      35111.943657
 74.5      35210.795853
 74.6      35429.872682
 74.7      35645.389298
 74.8      35678.946965
 74.9      35669.762440
 75.0      35687.029455
 75.1      35755.325598
 75.2      35797.185936
 75.3      35936.037237
 75.4      36184.844733
 75.5      36396.699766
 75.6      36457.075548
 75.7      36473.865616
 75.8      36473.305540
 75.9      36456.537480
 76.0      36526.659992
 76.1      36684.626289
 76.2      36974.890119
 76.3      37112.224641
 76.4      37183.816094
 76.5      37293.193874
 76.6      37256.374897
 76.7      37198.189327
 76.8      37285.089937
 76.9      37461.330339
 77.0      37714.370820
 77.1      37852.457402
 77.2      38013.813788
 77.3      38144.300143
 77.4      37982.015807
 77.5      37978.865552
 77.6      38061.007462
 77.7      38249.520160
 77.8      38443.998301
 77.9      38631.598376
 78.0      38851.563653
 78.1      38848.007359
 78.2      38752.889032
 78.3      38785.489386
 78.4      38874.569575
 78.5      38990.994891
 78.6      39203.203913
 78.7      39455.305337
 78.8      39623.182944
 78.9      39604.614647
 79.0      39565.075063
 79.1      39609.141049
 79.2      39645.243685
 79.3      39750.079079
 79.4      40054.611012
 79.5      40266.380934
 79.6      40376.426760
 79.7      40390.979541
 79.8      40399.833140
 79.9      40459.495571
 80.0      40402.399237
 80.1      40563.580724
 80.2      40866.014939
 80.3      40996.789457
 80.4      41154.862604
 80.5      41213.035298
 80.6      41268.112606
 80.7      41234.688787
 80.8      41195.141858
 80.9      41422.090996
 81.0      41593.044710
 81.1      41762.202289
 81.2      41962.713750
 81.3      42048.637559
 81.4      42112.998818
 81.5      42024.820655
 81.6      42066.351489
 81.7      42229.143407
 81.8      42347.636537
 81.9      42556.547071
 82.0      42792.718154
 82.1      42927.108442
 82.2      42913.636715
 82.3      42868.523293
 82.4      42919.036092
 82.5      43015.741959
 82.6      43118.560410
 82.7      43389.602878
 82.8      43637.178099
 82.9      43726.116498
 83.0      43745.184797
 83.1      43752.633235
 83.2      43755.911777
 83.3      43803.048707
 83.4      43930.372620
 83.5      44233.665382
 83.5      44477.221417
 83.6      44536.391686
 83.7      44654.052945
 83.8      44605.736641
 83.9      44579.779178
 84.0      44608.053166
 84.1      44783.468149
 84.2      45118.168901
 84.3      45250.043742
 84.4      45404.856084
 84.5      45514.794369
 84.6      45447.541269
 84.7      45414.089837
 84.8      45459.920207
 84.9      45647.747493
 85.0      45912.735923
 85.1      46061.608926
 85.2      46308.932974
 85.3      46376.261871
 85.4      46285.284847
 85.5      46277.234599
 85.6      46335.261052
 85.7      46540.018270
 85.8      46705.955869
 85.9      46963.985088
 86.0      47176.594927
 86.1      47210.889863
 86.2      47145.496176
 86.3      47186.304375
 86.4      47245.625046
 86.5      47341.086926
 86.6      47567.034560
 86.7      47801.981883
 86.8      48037.720984
 86.9      48045.504252
 87.0      48053.355575
 87.1      48096.918790
 87.2      48088.113675
 87.3      48190.276487
 87.4      48433.362815
 87.5      48681.494977
 87.6      48874.764276
 87.7      48910.111444
 87.8      48994.957643
 87.9      49038.314689
 88.0      48927.845174
 88.1      49130.246306
 88.2      49287.081654
 88.3      49529.360915
 88.4      49717.542706
 88.5      49832.994999
 88.6      49957.572990
 88.7      49862.840797
 88.8      49873.571063
 88.9      49974.854701
 89.0      50161.110007
 89.1      50374.923767
 89.2      50600.099454
 89.3      50763.518951
 89.4      50889.975312
 89.5      50768.547240
 89.6      50755.108001
 89.7      50892.075596
 89.8      50999.354851
 89.9      51242.940075
 90.0      51527.691717
 90.1      51736.227859
 90.2      51766.167544
 90.3      51679.273441
 90.4      51682.945273
 90.5      51772.814359
 90.6      51854.262175
 90.7      52169.531024
 90.8      52462.441484
 90.9      52584.974367
 91.0      52668.518622
 91.1      52581.242083
 91.2      52645.411512
 91.3      52631.882421
 91.4      52755.713560
 91.5      53110.073485
 91.6      53332.167540
 91.7      53484.668368
 91.8      53555.222132
 91.9      53557.182858
 92.0      53551.770206
 92.1      53515.502660
 92.2      53723.365533
 92.3      54075.959729
 92.4      54179.929111
 92.5      54392.279813
 92.6      54498.641419
 92.7      54508.982369
 92.8      54458.417420
 92.9      54467.155639
 93.0      54712.153347
 93.1      54886.967391
 93.2      55066.226990
 93.3      55333.849184
 93.4      55482.968560
 93.5      55428.311602
 93.6      55400.367620
 93.7      55453.650661
 93.8      55609.983984
 93.9      55755.299623
 94.0      55990.521066
 94.1      56310.893696
 94.2      56392.176008
 94.3      56369.006732
 94.4      56415.609244
 94.5      56457.636810
 94.5      56496.862031
 94.6      56653.982291
 94.7      56946.954995
 94.8      57275.255863
 94.9      57302.264239
 95.0      57372.255691
 95.1      57475.698048
 95.2      57336.265957
 95.3      57416.580133
 95.4      57592.454923
 95.5      57950.877553
 95.6      58167.237936
 95.7      58246.353549
 95.8      58428.606394
 95.9      58361.558296
 96.0      58271.146288
 96.1      58370.489163
 96.2      58566.895136
 96.3      58881.696584
 96.4      59076.504834
 96.5      59281.926980
 96.6      59427.656678
 96.7      59290.389670
 96.8      59242.171118
 96.9      59355.085295
 97.0      59562.660231
 97.1      59792.373335
 97.2      60059.759343
 97.3      60331.582386
 97.4      60360.944759
 97.5      60242.527183
 97.6      60258.797634
 97.7      60385.338451
 97.8      60476.638616
 97.9      60733.484728
 98.0      61096.075574
 98.1      61262.157936
 98.2      61310.627652
 98.3      61238.203473
 98.4      61300.996122
 98.5      61350.525897
 98.6      61415.755741
 98.7      61767.896751
 98.8      62021.377975
 98.9      62215.053756
 99.0      62277.494754
 99.1      62280.533709
 99.2      62381.921532
 99.3      62282.358374
 99.4      62420.311466
 99.5      62754.626011
 99.6      62963.731387
 99.7      63179.812090
 99.8      63288.366485
 99.9      63361.243070
100.0      63343.668823
