 AA		CEXT
   1.000000       34.93166    
   1.099099       43.27107    
   1.198198       47.75018    
   1.297297       53.07535    
   1.396396       57.92273    
   1.495495       55.55617    
   1.594595       54.59923    
   1.693694       57.83279    
   1.792793       54.65467    
   1.891892       53.22855    
   1.990991       62.53947    
   2.090090       71.81521    
   2.189189       77.24791    
   2.288288       96.08461    
   2.387387       119.1340    
   2.486486       135.4560    
   2.585586       149.7288    
   2.684685       177.2872    
   2.783784       196.0291    
   2.882883       188.5694    
   2.981982       206.6831    
   3.081081       210.8548    
   3.180180       197.6923    
   3.279279       196.9839    
   3.378378       213.5121    
   3.477478       213.5121    
   3.576576       213.5121    
   3.675676       233.1340    
   3.774775       237.3713    
   3.873874       261.8346    
   3.972973       291.5322    
   4.072072       338.7628    
   4.171171       351.7822    
   4.270270       379.5355    
   4.369370       379.5355    
   4.468469       379.5355    
   4.567567       379.5355    
   4.666667       442.5077    
   4.765766       479.5450    
   4.864865       428.6109    
   4.963964       431.6800    
   5.063063       444.3315    
   5.162162       441.6779    
   5.261261       450.4232    
   5.360360       490.1286    
   5.459459       525.2119    
   5.558558       525.2119    
   5.657658       598.6938    
   5.756757       655.0754    
   5.855856       677.0608    
   5.954955       707.4631    
   6.054054       754.2931    
   6.153153       769.2444    
   6.252252       751.1975    
   6.351351       768.5377    
   6.450450       775.1466    
   6.549550       740.0734    
   6.648649       749.0244    
   6.747748       786.3861    
   6.846847       789.5304    
   6.945946       793.1513    
   7.045045       862.9817    
   7.144144       893.2957    
   7.243243       933.1712    
   7.342342       1000.019    
   7.441442       1000.019    
   7.540541       1119.416    
   7.639640       1120.933    
   7.738739       1175.307    
   7.837838       1158.867    
   7.936937       1152.432    
   8.036036       1165.777    
   8.135135       1185.732    
   8.234234       1155.667    
   8.333333       1156.469    
   8.432432       1201.090    
   8.531531       1201.090    
   8.630630       1201.090    
   8.729730       1320.382    
   8.828829       1399.302    
   8.927928       1416.966    
   9.027027       1501.782    
   9.126126       1579.838    
   9.225225       1576.746    
   9.324325       1576.746    
   9.423424       1576.746    
   9.522523       1673.173    
   9.621622       1626.125    
   9.720720       1626.125    
   9.819819       1626.125    
   9.918919       1614.237    
   10.01802       1659.348    
   10.11712       1719.354    
   10.21622       1723.389    
   10.31532       1781.205    
   10.41441       1908.047    
   10.51351       1958.780    
   10.61261       2008.615    
   10.71171       2094.919    
   10.81081       2153.255    
   10.90991       2155.333    
   11.00901       2193.434    
   11.10811       2193.434    
   11.20721       2193.434    
   11.30631       2181.025    
   11.40541       2215.015    
   11.50450       2215.015    
   11.60360       2215.015    
   11.70270       2249.030    
   11.80180       2364.996    
   11.90090       2332.057    
   12.00000       2428.560    
   12.09910       2545.936    
   12.19820       2579.369    
   12.29730       2668.858    
   12.39640       2668.858    
   12.49550       2668.858    
   12.59459       2793.788    
   12.69369       2846.499    
   12.79279       2846.499    
   12.89189       2846.499    
   12.99099       2868.357    
   13.09009       2857.342    
   13.18919       2846.156    
   13.28829       2842.039    
   13.38739       2938.286    
   13.48649       3005.047    
   13.58559       3036.583    
   13.68468       3161.858    
   13.78378       3291.994    
   13.88288       3336.435    
   13.98198       3403.388    
   14.08108       3508.542    
   14.18018       3508.542    
   14.27928       3508.542    
   14.37838       3548.565    
   14.47748       3575.809    
   14.57658       3575.809    
   14.67568       3575.809    
   14.77477       3576.585    
   14.87387       3545.673    
   14.97297       3593.459    
   15.07207       3694.312    
   15.17117       3784.680    
   15.27027       3856.404    
   15.36937       3856.404    
   15.46847       3856.404    
   15.56757       4125.100    
   15.66667       4213.076    
   15.76577       4295.200    
   15.86487       4295.836    
   15.96396       4307.912    
   16.06306       4319.108    
   16.16216       4319.108    
   16.26126       4258.544    
   16.36036       4258.544    
   16.45946       4358.065    
   16.55856       4349.853    
   16.65766       4485.617    
   16.75676       4485.617    
   16.85586       4654.964    
   16.95495       4654.964    
   17.05405       4860.302    
   17.15315       4860.302    
   17.25225       4860.302    
   17.35135       5077.535    
   17.45045       5077.535    
   17.54955       5077.535    
   17.64865       5109.325    
   17.74775       5109.325    
   17.84685       5109.325    
   17.94595       5208.360    
   18.04505       5208.360    
   18.14414       5265.776    
   18.24324       5265.776    
   18.34234       5332.514    
   18.44144       5503.454    
   18.54054       5550.666    
   18.63964       5550.666    
   18.73874       5819.122    
   18.83784       5819.122    
   18.93694       5963.334    
   19.03604       6005.948    
   19.13514       6005.948    
   19.23423       5986.921    
   19.33333       5986.921    
   19.43243       6054.120    
   19.53153       6131.918    
   19.63063       6131.918    
   19.72973       6131.918    
   19.82883       6177.614    
   19.92793       6177.614    
   20.02703       6337.475    
   20.12613       6337.475    
   20.22523       6593.876    
   20.32432       6714.483    
   20.42342       6714.483    
   20.52252       6714.483    
   20.62162       6894.841    
   20.72072       6894.841    
   20.81982       7013.675    
   20.91892       7005.748    
   21.01802       7005.748    
   21.11712       7022.193    
   21.21622       7022.193    
   21.31532       6983.644    
   21.41442       6983.644    
   21.51351       7161.527    
   21.61261       7161.527    
   21.71171       7412.055    
   21.81081       7412.055    
   21.90991       7677.400    
   22.00901       7677.400    
   22.10811       7677.400    
   22.20721       7891.246    
   22.30631       7891.246    
   22.40541       8002.402    
   22.50451       8060.955    
   22.60360       8060.955    
   22.70270       7973.733    
   22.80180       8011.050    
   22.90090       8011.050    
   23.00000       8052.832    
   23.09910       8052.832    
   23.19820       8354.592    
   23.29730       8430.652    
   23.39640       8430.652    
   23.49549       8693.524    
   23.59459       8737.820    
   23.69369       8737.820    
   23.79279       8997.814    
   23.89189       8997.814    
   23.99099       8997.814    
   24.09009       9062.102    
   24.18919       9062.102    
   24.28829       8983.408    
   24.38739       8983.408    
   24.48649       9093.494    
   24.58558       9093.494    
   24.68468       9177.098    
   24.78378       9177.098    
   24.88288       9452.089    
   24.98198       9452.089    
   25.08108       9726.551    
   25.18018       9859.431    
   25.27928       9859.431    
   25.37838       10035.08    
   25.47748       10035.08    
   25.57658       10035.08    
   25.67568       10115.22    
   25.77477       10194.99    
   25.87387       10194.99    
   25.97297       10089.32    
   26.07207       10089.32    
   26.17117       10271.50    
   26.27027       10271.50    
   26.36937       10271.50    
   26.46847       10553.40    
   26.56757       10613.70    
   26.66667       10613.70    
   26.76577       10976.22    
   26.86486       10976.22    
   26.96396       11150.10    
   27.06306       11247.93    
   27.16216       11247.93    
   27.26126       11229.38    
   27.36036       11229.38    
   27.45946       11334.15    
   27.55856       11291.00    
   27.65766       11259.08    
   27.75676       11259.08    
   27.85586       11436.72    
   27.95495       11436.72    
   28.05405       11642.43    
   28.15315       11642.43    
   28.25225       11642.43    
   28.35135       12062.28    
   28.45045       12062.28    
   28.54955       12062.28    
   28.64865       12358.09    
   28.74775       12358.09    
   28.84685       12358.09    
   28.94595       12414.63    
   29.04505       12414.63    
   29.14414       12521.69    
   29.24324       12521.69    
   29.34234       12495.00    
   29.44144       12707.67    
   29.54054       12671.61    
   29.63964       12671.61    
   29.73874       12980.80    
   29.83784       12980.80    
   29.93694       13234.59    
   30.03604       13408.28    
   30.13514       13408.28    
   30.23423       13558.93    
   30.33333       13558.93    
   30.43243       13741.61    
   30.53153       13707.98    
   30.63063       13707.98    
   30.72973       13707.98    
   30.82883       13742.12    
   30.92793       13742.12    
   31.02703       13799.88    
   31.12613       13799.88    
   31.22523       14061.89    
   31.32432       14134.89    
   31.42342       14134.89    
   31.52252       14134.89    
   31.62162       14578.37    
   31.72072       14578.37    
   31.81982       14912.97    
   31.91892       14873.23    
   32.01802       14873.23    
   32.11712       14873.23    
   32.21622       14873.23    
   32.31532       14942.36    
   32.41441       14942.36    
   32.51351       14942.36    
   32.61261       14942.36    
   32.71171       15148.35    
   32.81081       15148.35    
   32.90991       15148.35    
   33.00901       15148.35    
   33.10811       15148.35    
   33.20721       15908.15    
   33.30630       15908.15    
   33.40541       15908.15    
   33.50451       16224.85    
   33.60360       16224.85    
   33.70270       16224.85    
   33.80180       16224.85    
   33.90090       16224.85    
   34.00000       16256.62    
   34.09910       16256.62    
   34.19820       16256.62    
   34.29730       16256.62    
   34.39640       16256.62    
   34.49549       16716.34    
   34.59459       16716.34    
   34.69370       16716.34    
   34.79279       17219.67    
   34.89189       17219.67    
   34.99099       17219.67    
   35.09009       17219.67    
   35.18919       17219.67    
   35.28829       17570.33    
   35.38739       17570.33    
   35.48649       17570.33    
   35.58559       17570.33    
   35.68468       17611.89    
   35.78378       17611.89    
   35.88288       17611.89    
   35.98198       17611.89    
   36.08108       18020.35    
   36.18018       18260.79    
   36.27928       18260.79    
   36.37838       18260.79    
   36.47748       18260.79    
   36.57658       18260.79    
   36.67567       18260.79    
   36.77478       18260.79    
   36.87387       18260.79    
   36.97297       18934.27    
   37.07207       18934.27    
   37.17117       18934.27    
   37.27027       18934.27    
   37.36937       18934.27    
   37.46847       19176.32    
   37.56757       19176.32    
   37.66667       19176.32    
   37.76577       19544.04    
   37.86486       19544.04    
   37.96396       19544.04    
   38.06306       19544.04    
   38.16216       19544.04    
   38.26126       20219.02    
   38.36036       20219.02    
   38.45946       20219.02    
   38.55856       20350.68    
   38.65766       20352.89    
   38.75676       20352.89    
   38.85585       20352.89    
   38.95496       20352.89    
   39.05405       20523.52    
   39.15315       20523.52    
   39.25225       20523.52    
   39.35135       20523.52    
   39.45045       20523.52    
   39.54955       20523.52    
   39.64865       20523.52    
   39.74775       20523.52    
   39.84685       20523.52    
   39.94595       21672.55    
   40.04504       21672.55    
   40.14415       21672.55    
   40.24324       21672.55    
   40.34234       21899.75    
   40.44144       21896.15    
   40.54054       21896.15    
   40.63964       21896.15    
   40.73874       22037.33    
   40.83784       22037.33    
   40.93694       22037.33    
   41.03604       22037.33    
   41.13514       22037.33    
   41.23423       22885.13    
   41.33333       22885.13    
   41.43243       22885.13    
   41.53153       23146.49    
   41.63063       23146.49    
   41.72973       23146.49    
   41.82883       23146.49    
   41.92793       23146.49    
   42.02703       23302.47    
   42.12613       23302.47    
   42.22522       23302.47    
   42.32433       23302.47    
   42.42342       23302.47    
   42.52252       23302.47    
   42.62162       23302.47    
   42.72072       23302.47    
   42.81982       24263.20    
   42.91892       24343.37    
   43.01802       24343.37    
   43.11712       24343.37    
   43.21622       24343.37    
   43.31532       24885.43    
   43.41441       24885.43    
   43.51351       24885.43    
   43.61261       24885.43    
   43.71171       24801.29    
   43.81081       24801.29    
   43.90991       24801.29    
   44.00901       24801.29    
   44.10811       24801.29    
   44.20721       25435.96    
   44.30630       25435.96    
   44.40541       25435.96    
   44.50451       25855.70    
   44.60360       25855.70    
   44.70270       25855.70    
   44.80180       25855.70    
   44.90090       25855.70    
   45.00000       26240.92    
   45.09910       26240.92    
   45.19820       26240.92    
   45.29730       26240.92    
   45.39640       26240.92    
   45.49549       26503.15    
   45.59459       26503.15    
   45.69370       26503.15    
   45.79279       26848.05    
   45.89189       26848.05    
   45.99099       26848.05    
   46.09009       26848.05    
   46.18919       26848.05    
   46.28829       27736.85    
   46.38739       27736.85    
   46.48649       27736.85    
   46.58559       27736.85    
   46.68468       27790.16    
   46.78378       27790.16    
   46.88288       27790.16    
   46.98198       27790.16    
   47.08108       27998.30    
   47.18018       28094.40    
   47.27928       28094.40    
   47.37838       28094.40    
   47.47748       28094.40    
   47.57658       28094.40    
   47.67567       28094.40    
   47.77478       28094.40    
   47.87387       28094.40    
   47.97297       29191.74    
   48.07207       29191.74    
   48.17117       29191.74    
   48.27027       29191.74    
   48.36937       29191.74    
   48.46847       29501.64    
   48.56757       29501.64    
   48.66667       29501.64    
   48.76577       29621.01    
   48.86486       29621.01    
   48.96396       29621.01    
   49.06306       29621.01    
   49.16216       29621.01    
   49.26126       30368.56    
   49.36036       30368.56    
   49.45946       30368.56    
   49.55856       30798.48    
   49.65766       30821.49    
   49.75676       30821.49    
   49.85585       30821.49    
   49.95496       30821.49    
   50.05405       31038.64    
   50.15315       31038.64    
   50.25225       31038.64    
   50.35135       31038.64    
   50.45045       31038.64    
   50.54955       31038.64    
   50.64865       31038.64    
   50.74775       31038.64    
   50.84685       31038.64    
   50.94595       32069.06    
   51.04504       32069.06    
   51.14415       32069.06    
   51.24324       32069.06    
   51.34234       32482.19    
   51.44144       32598.01    
   51.54054       32598.01    
   51.63964       32598.01    
   51.73874       32635.22    
   51.83784       32635.22    
   51.93694       32635.22    
   52.03604       32635.22    
   52.13514       32635.22    
   52.23423       33114.13    
   52.33333       33114.13    
   52.43243       33114.13    
   52.53153       33640.54    
   52.63063       33640.54    
   52.72973       33640.54    
   52.82883       33640.54    
   52.92793       33640.54    
   53.02703       34175.12    
   53.12613       34175.12    
   53.22522       34175.12    
   53.32433       34175.12    
   53.42342       34175.12    
   53.52252       34175.12    
   53.62162       34175.12    
   53.72072       34175.12    
   53.81982       34792.48    
   53.91892       34891.04    
   54.01802       34891.04    
   54.11712       34891.04    
   54.21622       34891.04    
   54.31532       35484.11    
   54.41441       35484.11    
   54.51351       35484.11    
   54.61261       35484.11    
   54.71171       35819.70    
   54.81081       35819.70    
   54.90991       35819.70    
   55.00901       35819.70    
   55.10811       35819.70    
   55.20721       36064.22    
   55.30630       36064.22    
   55.40541       36064.22    
   55.50451       36540.45    
   55.60360       36540.45    
   55.70270       36540.45    
   55.80180       36540.45    
   55.90090       36540.45    
   56.00000       37265.52    
   56.09910       37265.52    
   56.19820       37265.52    
   56.29730       37265.52    
   56.39640       37265.52    
   56.49549       37698.68    
   56.59459       37698.68    
   56.69370       37698.68    
   56.79279       37770.90    
   56.89189       37770.90    
   56.99099       37770.90    
   57.09009       37770.90    
   57.18919       37770.90    
   57.28829       38420.62    
   57.38739       38420.62    
   57.48649       38420.62    
   57.58559       38420.62    
   57.68468       39019.00    
   57.78378       39019.00    
   57.88288       39019.00    
   57.98198       39019.00    
   58.08108       39296.24    
   58.18018       39249.34    
   58.27928       39249.34    
   58.37838       39249.34    
   58.47748       39249.34    
   58.57658       39249.34    
   58.67567       39249.34    
   58.77478       39249.34    
   58.87387       39249.34    
   58.97297       40289.80    
   59.07207       40289.80    
   59.17117       40289.80    
   59.27027       40289.80    
   59.36937       40289.80    
   59.46847       40950.85    
   59.56757       40950.85    
   59.66667       40950.85    
   59.76577       41011.55    
   59.86486       41011.55    
   59.96396       41011.55    
   60.06306       41011.55    
   60.16216       41011.55    
   60.26126       41429.12    
   60.36036       41429.12    
   60.45946       41429.12    
   60.55856       41951.84    
   60.65766       42133.59    
   60.75676       42133.59    
   60.85585       42133.59    
   60.95496       42133.59    
   61.05405       42584.13    
   61.15315       42584.13    
   61.25225       42584.13    
   61.35135       42584.13    
   61.45045       42584.13    
   61.54955       42584.13    
   61.64865       42584.13    
   61.74775       42584.13    
   61.84685       42584.13    
   61.94595       43324.89    
   62.04504       43324.89    
   62.14415       43324.89    
   62.24324       43324.89    
   62.34234       43979.71    
   62.44144       44168.41    
   62.54054       44168.41    
   62.63964       44168.41    
   62.73874       44371.37    
   62.83784       44371.37    
   62.93694       44371.37    
   63.03604       44371.37    
   63.13514       44371.37    
   63.23423       44619.43    
   63.33333       44619.43    
   63.43243       44619.43    
   63.53153       45093.53    
   63.63063       45093.53    
   63.72973       45093.53    
   63.82883       45093.53    
   63.92793       45093.53    
   64.02702       45093.53    
   64.12613       45093.53    
   64.22523       45093.53    
   64.32433       45093.53    
   64.42342       45093.53    
   64.52252       45093.53    
   64.62162       45093.53    
   64.72072       45093.53    
   64.81982       45093.53    
   64.91892       45093.53    
   65.01802       45093.53    
   65.11712       45093.53    
   65.21622       45093.53    
   65.31532       47110.89    
   65.41441       47110.89    
   65.51351       47110.89    
   65.61261       47110.89    
   65.71171       47110.89    
   65.81081       47110.89    
   65.90991       47110.89    
   66.00901       47110.89    
   66.10811       47110.89    
   66.20721       48003.92    
   66.30630       48003.92    
   66.40540       48003.92    
   66.50450       48003.92    
   66.60361       48003.92    
   66.70271       48003.92    
   66.80180       48003.92    
   66.90090       48003.92    
   67.00000       49054.64    
   67.09910       49054.64    
   67.19820       49054.64    
   67.29729       49054.64    
   67.39639       49054.64    
   67.49550       49054.64    
   67.59460       49054.64    
   67.69370       49054.64    
   67.79279       49884.05    
   67.89189       49884.05    
   67.99099       49884.05    
   68.09009       49884.05    
   68.18919       49884.05    
   68.28829       49884.05    
   68.38739       49884.05    
   68.48649       49884.05    
   68.58559       49884.05    
   68.68468       51058.87    
   68.78378       51058.87    
   68.88288       51058.87    
   68.98198       51058.87    
   69.08108       51058.87    
   69.18018       51058.87    
   69.27928       51058.87    
   69.37838       51058.87    
   69.47748       51058.87    
   69.57658       51058.87    
   69.67567       51058.87    
   69.77477       51058.87    
   69.87387       51058.87    
   69.97298       51058.87    
   70.07207       51058.87    
   70.17117       51058.87    
   70.27027       51058.87    
   70.36937       51058.87    
   70.46847       53133.05    
   70.56757       53133.05    
   70.66666       53133.05    
   70.76576       53133.05    
   70.86487       53133.05    
   70.96397       53133.05    
   71.06306       53133.05    
   71.16216       53133.05    
   71.26126       53734.14    
   71.36036       53734.14    
   71.45946       53734.14    
   71.55856       53734.14    
   71.65766       53734.14    
   71.75676       53734.14    
   71.85586       53734.14    
   71.95496       53734.14    
   72.05405       54926.69    
   72.15315       54926.69    
   72.25225       54926.69    
   72.35135       54926.69    
   72.45045       54926.69    
   72.54955       54926.69    
   72.64865       54926.69    
   72.74775       54926.69    
   72.84685       54926.69    
   72.94595       55715.50    
   73.04504       55715.50    
   73.14414       55715.50    
   73.24324       55715.50    
   73.34234       55715.50    
   73.44144       55715.50    
   73.54054       55715.50    
   73.63964       55715.50    
   73.73874       56944.64    
   73.83784       56944.64    
   73.93694       56944.64    
   74.03603       56944.64    
   74.13513       56944.64    
   74.23424       56944.64    
   74.33334       56944.64    
   74.43243       56944.64    
   74.53153       57678.19    
   74.63063       57678.19    
   74.72973       57678.19    
   74.82883       57678.19    
   74.92793       57678.19    
   75.02702       57678.19    
   75.12613       57678.19    
   75.22523       57678.19    
   75.32433       57678.19    
   75.42342       57678.19    
   75.52252       57678.19    
   75.62162       57678.19    
   75.72072       57678.19    
   75.81982       57678.19    
   75.91892       57678.19    
   76.01802       57678.19    
   76.11712       57678.19    
   76.21622       57678.19    
   76.31532       59772.12    
   76.41441       59772.12    
   76.51351       59772.12    
   76.61261       59772.12    
   76.71171       59772.12    
   76.81081       59772.12    
   76.90991       59772.12    
   77.00901       59772.12    
   77.10811       59772.12    
   77.20721       60942.05    
   77.30630       60942.05    
   77.40540       60942.05    
   77.50450       60942.05    
   77.60361       60942.05    
   77.70271       60942.05    
   77.80180       60942.05    
   77.90090       60942.05    
   78.00000       61837.56    
   78.09910       61837.56    
   78.19820       61837.56    
   78.29729       61837.56    
   78.39639       61837.56    
   78.49550       61837.56    
   78.59460       61837.56    
   78.69370       61837.56    
   78.79279       62946.91    
   78.89189       62946.91    
   78.99099       62946.91    
   79.09009       62946.91    
   79.18919       62946.91    
   79.28829       62946.91    
   79.38739       62946.91    
   79.48649       62946.91    
   79.58559       62946.91    
   79.68468       63966.83    
   79.78378       63966.83    
   79.88288       63966.83    
   79.98198       63966.83    
   80.08108       63966.83    
   80.18018       63966.83    
   80.27928       63966.83    
   80.37838       63966.83    
   80.47748       63966.83    
   80.57658       63966.83    
   80.67567       63966.83    
   80.77477       63966.83    
   80.87387       63966.83    
   80.97298       63966.83    
   81.07207       63966.83    
   81.17117       63966.83    
   81.27027       63966.83    
   81.36937       63966.83    
   81.46847       66147.17    
   81.56757       66147.17    
   81.66666       66147.17    
   81.76576       66147.17    
   81.86487       66147.17    
   81.96397       66147.17    
   82.06306       66147.17    
   82.16216       66147.17    
   82.26126       67099.70    
   82.36036       67099.70    
   82.45946       67099.70    
   82.55856       67099.70    
   82.65766       67099.70    
   82.75676       67099.70    
   82.85586       67099.70    
   82.95496       67099.70    
   83.05405       68135.25    
   83.15315       68135.25    
   83.25225       68135.25    
   83.35135       68135.25    
   83.45045       68135.25    
   83.54955       68135.25    
   83.64865       68135.25    
   83.74775       68135.25    
   83.84685       68135.25    
   83.94595       69196.25    
   84.04504       69196.25    
   84.14414       69196.25    
   84.24324       69196.25    
   84.34234       69196.25    
   84.44144       69196.25    
   84.54054       69196.25    
   84.63964       69196.25    
   84.73874       70359.40    
   84.83784       70359.40    
   84.93694       70359.40    
   85.03603       70359.40    
   85.13513       70359.40    
   85.23424       70359.40    
   85.33334       70359.40    
   85.43243       70359.40    
   85.53153       71413.85    
   85.63063       71413.85    
   85.72973       71413.85    
   85.82883       71413.85    
   85.92793       71413.85    
   86.02702       71413.85    
   86.12613       71413.85    
   86.22523       71413.85    
   86.32433       71413.85    
   86.42342       71413.85    
   86.52252       71413.85    
   86.62162       71413.85    
   86.72072       71413.85    
   86.81982       71413.85    
   86.91892       71413.85    
   87.01802       71413.85    
   87.11712       71413.85    
   87.21622       71413.85    
   87.31532       73518.30    
   87.41441       73518.30    
   87.51351       73518.30    
   87.61261       73518.30    
   87.71171       73518.30    
   87.81081       73518.30    
   87.90991       73518.30    
   88.00901       73518.30    
   88.10811       73518.30    
   88.20721       74688.85    
   88.30630       74688.85    
   88.40540       74688.85    
   88.50450       74688.85    
   88.60361       74688.85    
   88.70271       74688.85    
   88.80180       74688.85    
   88.90090       74688.85    
   89.00000       75674.31    
   89.09910       75674.31    
   89.19820       75674.31    
   89.29729       75674.31    
   89.39639       75674.31    
   89.49550       75674.31    
   89.59460       75674.31    
   89.69370       75674.31    
   89.79279       76849.78    
   89.89189       76849.78    
   89.99099       76849.78    
   90.09009       76849.78    
   90.18919       76849.78    
   90.28829       76849.78    
   90.38739       76849.78    
   90.48649       76849.78    
   90.58559       76849.78    
   90.68468       77923.78    
   90.78378       77923.78    
   90.88288       77923.78    
   90.98198       77923.78    
   91.08108       77923.78    
   91.18018       77923.78    
   91.27928       77923.78    
   91.37838       77923.78    
   91.47748       77923.78    
   91.57658       77923.78    
   91.67567       77923.78    
   91.77477       77923.78    
   91.87387       77923.78    
   91.97298       77923.78    
   92.07207       77923.78    
   92.17117       77923.78    
   92.27027       77923.78    
   92.36937       77923.78    
   92.46847       80180.67    
   92.56757       80180.67    
   92.66666       80180.67    
   92.76576       80180.67    
   92.86487       80180.67    
   92.96397       80180.67    
   93.06306       80180.67    
   93.16216       80180.67    
   93.26126       81273.90    
   93.36036       81273.90    
   93.45946       81273.90    
   93.55856       81273.90    
   93.65766       81273.90    
   93.75676       81273.90    
   93.85586       81273.90    
   93.95496       81273.90    
   94.05405       82346.88    
   94.15315       82346.88    
   94.25225       82346.88    
   94.35135       82346.88    
   94.45045       82346.88    
   94.54955       82346.88    
   94.64865       82346.88    
   94.74775       82346.88    
   94.84685       82346.88    
   94.94595       83604.22    
   95.04504       83604.22    
   95.14414       83604.22    
   95.24324       83604.22    
   95.34234       83604.22    
   95.44144       83604.22    
   95.54054       83604.22    
   95.63964       83604.22    
   95.73874       84735.64    
   95.83784       84735.64    
   95.93694       84735.64    
   96.03603       84735.64    
   96.13513       84735.64    
   96.23424       84735.64    
   96.33334       84735.64    
   96.43243       84735.64    
   96.53153       85980.22    
   96.63063       85980.22    
   96.72973       85980.22    
   96.82883       85980.22    
   96.92793       85980.22    
   97.02702       85980.22    
   97.12613       85980.22    
   97.22523       85980.22    
   97.32433       85980.22    
   97.42342       85980.22    
   97.52252       85980.22    
   97.62162       85980.22    
   97.72072       85980.22    
   97.81982       85980.22    
   97.91892       85980.22    
   98.01802       85980.22    
   98.11712       85980.22    
   98.21622       85980.22    
   98.31532       88064.77    
   98.41441       88064.77    
   98.51351       88064.77    
   98.61261       88064.77    
   98.71171       88064.77    
   98.81081       88064.77    
   98.90991       88064.77    
   99.00901       88064.77    
   99.10811       88064.77    
   99.20721       89277.58    
   99.30630       89277.58    
   99.40540       89277.58    
   99.50450       89277.58    
   99.60361       89277.58    
   99.70271       89277.58    
   99.80180       89277.58    
   99.90090       89277.58    
   100.0000       90451.98    
