 AA		CEXT
   1.000000       34.93523    
   1.099099       43.27642    
   1.198198       47.75669    
   1.297297       53.08355    
   1.396396       57.93299    
   1.495495       55.56611    
   1.594595       54.60907    
   1.693694       57.84418    
   1.792793       54.66491    
   1.891892       53.23710    
   1.990991       62.54997    
   2.090090       71.83241    
   2.189189       77.26680    
   2.288288       96.10848    
   2.387387       119.1760    
   2.486486       135.5184    
   2.585586       149.7898    
   2.684685       177.3702    
   2.783784       196.1573    
   2.882883       188.6723    
   2.981982       206.7980    
   3.081081       210.9949    
   3.180180       197.8200    
   3.279279       197.0969    
   3.378378       213.6369    
   3.477478       213.6369    
   3.576576       213.6369    
   3.675676       233.2693    
   3.774775       237.5287    
   3.873874       262.0515    
   3.972973       291.7671    
   4.072072       339.0614    
   4.171171       352.1372    
   4.270270       379.9408    
   4.369370       379.9408    
   4.468469       379.9408    
   4.567567       379.9408    
   4.666667       443.0734    
   4.765766       480.1356    
   4.864865       429.1446    
   4.963964       432.2147    
   5.063063       444.8975    
   5.162162       442.2335    
   5.261261       450.9773    
   5.360360       490.7778    
   5.459459       526.0045    
   5.558558       526.0045    
   5.657658       599.6609    
   5.756757       656.2734    
   5.855856       678.3715    
   5.954955       708.8477    
   6.054054       755.8493    
   6.153153       771.0251    
   6.252252       752.7941    
   6.351351       770.1672    
   6.450450       776.8831    
   6.549550       741.6616    
   6.648649       750.5798    
   6.747748       788.0007    
   6.846847       791.4305    
   6.945946       794.8810    
   7.045045       864.9288    
   7.144144       895.5116    
   7.243243       935.6367    
   7.342342       1002.769    
   7.441442       1002.769    
   7.540541       1123.252    
   7.639640       1124.452    
   7.738739       1179.076    
   7.837838       1162.694    
   7.936937       1156.202    
   8.036036       1169.602    
   8.135135       1189.581    
   8.234234       1159.573    
   8.333333       1160.133    
   8.432432       1205.029    
   8.531531       1205.029    
   8.630630       1205.029    
   8.729730       1325.109    
   8.828829       1404.619    
   8.927928       1422.499    
   9.027027       1507.920    
   9.126126       1586.908    
   9.225225       1583.722    
   9.324325       1583.722    
   9.423424       1583.722    
   9.522523       1680.938    
   9.621622       1633.512    
   9.720720       1633.512    
   9.819819       1633.512    
   9.918919       1621.420    
   10.01802       1666.779    
   10.11712       1727.217    
   10.21622       1731.727    
   10.31532       1789.819    
   10.41441       1917.713    
   10.51351       1969.806    
   10.61261       2019.533    
   10.71171       2106.975    
   10.81081       2165.941    
   10.90991       2168.485    
   11.00901       2206.843    
   11.10811       2206.843    
   11.20721       2206.843    
   11.30631       2194.208    
   11.40541       2228.532    
   11.50450       2228.532    
   11.60360       2228.532    
   11.70270       2262.711    
   11.80180       2379.526    
   11.90090       2346.966    
   12.00000       2444.549    
   12.09910       2563.709    
   12.19820       2597.681    
   12.29730       2688.707    
   12.39640       2688.707    
   12.49550       2688.707    
   12.59459       2815.525    
   12.69369       2868.829    
   12.79279       2868.829    
   12.89189       2868.829    
   12.99099       2892.219    
   13.09009       2879.196    
   13.18919       2868.521    
   13.28829       2863.892    
   13.38739       2961.254    
   13.48649       3029.659    
   13.58559       3061.646    
   13.68468       3189.040    
   13.78378       3320.756    
   13.88288       3367.894    
   13.98198       3435.372    
   14.08108       3542.027    
   14.18018       3542.027    
   14.27928       3542.027    
   14.37838       3583.279    
   14.47748       3609.919    
   14.57658       3609.919    
   14.67568       3609.919    
   14.77477       3610.612    
   14.87387       3579.978    
   14.97297       3628.186    
   15.07207       3730.875    
   15.17117       3822.591    
   15.27027       3897.569    
   15.36937       3897.569    
   15.46847       3897.569    
   15.56757       4172.106    
   15.66667       4261.738    
   15.76577       4345.805    
   15.86487       4346.450    
   15.96396       4359.897    
   16.06306       4369.562    
   16.16216       4369.562    
   16.26126       4307.878    
   16.36036       4307.878    
   16.45946       4408.719    
   16.55856       4400.524    
   16.65766       4541.913    
   16.75676       4541.913    
   16.85586       4714.877    
   16.95495       4714.877    
   17.05405       4923.967    
   17.15315       4923.967    
   17.25225       4923.967    
   17.35135       5148.105    
   17.45045       5148.105    
   17.54955       5148.105    
   17.64865       5180.385    
   17.74775       5180.385    
   17.84685       5180.385    
   17.94595       5277.309    
   18.04505       5277.309    
   18.14414       5337.384    
   18.24324       5337.384    
   18.34234       5407.896    
   18.44144       5584.547    
   18.54054       5633.791    
   18.63964       5633.791    
   18.73874       5910.686    
   18.83784       5910.686    
   18.93694       6062.846    
   19.03604       6103.670    
   19.13514       6103.670    
   19.23423       6084.392    
   19.33333       6084.392    
   19.43243       6152.088    
   19.53153       6235.021    
   19.63063       6235.021    
   19.72973       6235.021    
   19.82883       6279.969    
   19.92793       6279.969    
   20.02703       6443.888    
   20.12613       6443.888    
   20.22523       6708.879    
   20.32432       6837.866    
   20.42342       6837.866    
   20.52252       6837.866    
   20.62162       7023.627    
   20.72072       7023.627    
   20.81982       7145.072    
   20.91892       7134.271    
   21.01802       7134.271    
   21.11712       7150.759    
   21.21622       7150.759    
   21.31532       7111.765    
   21.41442       7111.765    
   21.51351       7295.120    
   21.61261       7295.120    
   21.71171       7557.468    
   21.81081       7557.468    
   21.90991       7840.132    
   22.00901       7840.132    
   22.10811       7840.132    
   22.20721       8058.408    
   22.30631       8058.408    
   22.40541       8173.496    
   22.50451       8229.730    
   22.60360       8229.730    
   22.70270       8140.856    
   22.80180       8180.121    
   22.90090       8180.121    
   23.00000       8222.119    
   23.09910       8222.119    
   23.19820       8531.775    
   23.29730       8623.303    
   23.39640       8623.303    
   23.49549       8896.153    
   23.59459       8941.588    
   23.69369       8941.588    
   23.79279       9211.178    
   23.89189       9211.178    
   23.99099       9211.178    
   24.09009       9277.703    
   24.18919       9277.703    
   24.28829       9195.441    
   24.38739       9195.441    
   24.48649       9304.298    
   24.58558       9304.298    
   24.68468       9394.736    
   24.78378       9394.736    
   24.88288       9690.957    
   24.98198       9690.957    
   25.08108       9975.074    
   25.18018       10113.14    
   25.27928       10113.14    
   25.37838       10301.09    
   25.47748       10301.09    
   25.57658       10301.09    
   25.67568       10384.09    
   25.77477       10471.10    
   25.87387       10471.10    
   25.97297       10353.13    
   26.07207       10353.13    
   26.17117       10539.22    
   26.27027       10539.22    
   26.36937       10539.22    
   26.46847       10841.82    
   26.56757       10905.56    
   26.66667       10905.56    
   26.76577       11288.13    
   26.86486       11288.13    
   26.96396       11480.96    
   27.06306       11578.36    
   27.16216       11578.36    
   27.26126       11559.22    
   27.36036       11559.22    
   27.45946       11661.70    
   27.55856       11616.70    
   27.65766       11582.97    
   27.75676       11582.97    
   27.85586       11774.22    
   27.95495       11774.22    
   28.05405       11988.17    
   28.15315       11988.17    
   28.25225       11988.17    
   28.35135       12438.14    
   28.45045       12438.14    
   28.54955       12438.14    
   28.64865       12755.68    
   28.74775       12755.68    
   28.84685       12755.68    
   28.94595       12812.88    
   29.04505       12812.88    
   29.14414       12919.79    
   29.24324       12919.79    
   29.34234       12887.64    
   29.44144       13125.38    
   29.54054       13071.28    
   29.63964       13071.28    
   29.73874       13405.59    
   29.83784       13405.59    
   29.93694       13688.08    
   30.03604       13870.12    
   30.13514       13870.12    
   30.23423       14031.15    
   30.33333       14031.15    
   30.43243       14222.53    
   30.53153       14188.35    
   30.63063       14188.35    
   30.72973       14188.35    
   30.82883       14217.27    
   30.92793       14217.27    
   31.02703       14274.89    
   31.12613       14274.89    
   31.22523       14570.26    
   31.32432       14635.91    
   31.42342       14635.91    
   31.52252       14635.91    
   31.62162       15118.83    
   31.72072       15118.83    
   31.81982       15469.71    
   31.91892       15440.75    
   32.01802       15440.75    
   32.11712       15440.75    
   32.21622       15440.75    
   32.31532       15500.98    
   32.41441       15500.98    
   32.51351       15500.98    
   32.61261       15500.98    
   32.71171       15710.39    
   32.81081       15710.39    
   32.90991       15710.39    
   33.00901       15710.39    
   33.10811       15710.39    
   33.20721       16534.53    
   33.30630       16534.53    
   33.40541       16534.53    
   33.50451       16891.56    
   33.60360       16891.56    
   33.70270       16891.56    
   33.80180       16891.56    
   33.90090       16891.56    
   34.00000       16907.07    
   34.09910       16907.07    
   34.19820       16907.07    
   34.29730       16907.07    
   34.39640       16907.07    
   34.49549       17397.02    
   34.59459       17397.02    
   34.69370       17397.02    
   34.79279       17943.30    
   34.89189       17943.30    
   34.99099       17943.30    
   35.09009       17943.30    
   35.18919       17943.30    
   35.28829       18334.74    
   35.38739       18334.74    
   35.48649       18334.74    
   35.58559       18334.74    
   35.68468       18357.47    
   35.78378       18357.47    
   35.88288       18357.47    
   35.98198       18357.47    
   36.08108       18799.11    
   36.18018       19050.98    
   36.27928       19050.98    
   36.37838       19050.98    
   36.47748       19050.98    
   36.57658       19050.98    
   36.67567       19050.98    
   36.77478       19050.98    
   36.87387       19050.98    
   36.97297       19807.82    
   37.07207       19807.82    
   37.17117       19807.82    
   37.27027       19807.82    
   37.36937       19807.82    
   37.46847       20041.88    
   37.56757       20041.88    
   37.66667       20041.88    
   37.76577       20445.08    
   37.86486       20445.08    
   37.96396       20445.08    
   38.06306       20445.08    
   38.16216       20445.08    
   38.26126       21202.84    
   38.36036       21202.84    
   38.45946       21202.84    
   38.55856       21354.32    
   38.65766       21339.68    
   38.75676       21339.68    
   38.85585       21339.68    
   38.95496       21339.68    
   39.05405       21504.10    
   39.15315       21504.10    
   39.25225       21504.10    
   39.35135       21504.10    
   39.45045       21504.10    
   39.54955       21504.10    
   39.64865       21504.10    
   39.74775       21504.10    
   39.84685       21504.10    
   39.94595       22799.67    
   40.04504       22799.67    
   40.14415       22799.67    
   40.24324       22799.67    
   40.34234       23011.27    
   40.44144       23000.93    
   40.54054       23000.93    
   40.63964       23000.93    
   40.73874       23143.65    
   40.83784       23143.65    
   40.93694       23143.65    
   41.03604       23143.65    
   41.13514       23143.65    
   41.23423       24082.31    
   41.33333       24082.31    
   41.43243       24082.31    
   41.53153       24417.93    
   41.63063       24417.93    
   41.72973       24417.93    
   41.82883       24417.93    
   41.92793       24417.93    
   42.02703       24543.07    
   42.12613       24543.07    
   42.22522       24543.07    
   42.32433       24543.07    
   42.42342       24543.07    
   42.52252       24543.07    
   42.62162       24543.07    
   42.72072       24543.07    
   42.81982       25594.88    
   42.91892       25723.92    
   43.01802       25723.92    
   43.11712       25723.92    
   43.21622       25723.92    
   43.31532       26282.07    
   43.41441       26282.07    
   43.51351       26282.07    
   43.61261       26282.07    
   43.71171       26166.93    
   43.81081       26166.93    
   43.90991       26166.93    
   44.00901       26166.93    
   44.10811       26166.93    
   44.20721       26851.88    
   44.30630       26851.88    
   44.40541       26851.88    
   44.50451       27379.89    
   44.60360       27379.89    
   44.70270       27379.89    
   44.80180       27379.89    
   44.90090       27379.89    
   45.00000       27787.25    
   45.09910       27787.25    
   45.19820       27787.25    
   45.29730       27787.25    
   45.39640       27787.25    
   45.49549       28012.03    
   45.59459       28012.03    
   45.69370       28012.03    
   45.79279       28408.31    
   45.89189       28408.31    
   45.99099       28408.31    
   46.09009       28408.31    
   46.18919       28408.31    
   46.28829       29412.46    
   46.38739       29412.46    
   46.48649       29412.46    
   46.58559       29412.46    
   46.68468       29474.61    
   46.78378       29474.61    
   46.88288       29474.61    
   46.98198       29474.61    
   47.08108       29657.28    
   47.18018       29757.56    
   47.27928       29757.56    
   47.37838       29757.56    
   47.47748       29757.56    
   47.57658       29757.56    
   47.67567       29757.56    
   47.77478       29757.56    
   47.87387       29757.56    
   47.97297       31059.57    
   48.07207       31059.57    
   48.17117       31059.57    
   48.27027       31059.57    
   48.36937       31059.57    
   48.46847       31319.01    
   48.56757       31319.01    
   48.66667       31319.01    
   48.76577       31440.95    
   48.86486       31440.95    
   48.96396       31440.95    
   49.06306       31440.95    
   49.16216       31440.95    
   49.26126       32301.95    
   49.36036       32301.95    
   49.45946       32301.95    
   49.55856       32870.96    
   49.65766       32843.23    
   49.75676       32843.23    
   49.85585       32843.23    
   49.95496       32843.23    
   50.05405       33033.41    
   50.15315       33033.41    
   50.25225       33033.41    
   50.35135       33033.41    
   50.45045       33033.41    
   50.54955       33033.41    
   50.64865       33033.41    
   50.74775       33033.41    
   50.84685       33033.41    
   50.94595       34235.10    
   51.04504       34235.10    
   51.14415       34235.10    
   51.24324       34235.10    
   51.34234       34671.55    
   51.44144       34761.57    
   51.54054       34761.57    
   51.63964       34761.57    
   51.73874       34770.94    
   51.83784       34770.94    
   51.93694       34770.94    
   52.03604       34770.94    
   52.13514       34770.94    
   52.23423       35295.82    
   52.33333       35295.82    
   52.43243       35295.82    
   52.53153       35954.52    
   52.63063       35954.52    
   52.72973       35954.52    
   52.82883       35954.52    
   52.92793       35954.52    
   53.02703       36532.82    
   53.12613       36532.82    
   53.22522       36532.82    
   53.32433       36532.82    
   53.42342       36532.82    
   53.52252       36532.82    
   53.62162       36532.82    
   53.72072       36532.82    
   53.81982       37130.77    
   53.91892       37301.84    
   54.01802       37301.84    
   54.11712       37301.84    
   54.21622       37301.84    
   54.31532       37981.38    
   54.41441       37981.38    
   54.51351       37981.38    
   54.61261       37981.38    
   54.71171       38321.41    
   54.81081       38321.41    
   54.90991       38321.41    
   55.00901       38321.41    
   55.10811       38321.41    
   55.20721       38524.02    
   55.30630       38524.02    
   55.40541       38524.02    
   55.50451       39090.59    
   55.60360       39090.59    
   55.70270       39090.59    
   55.80180       39090.59    
   55.90090       39090.59    
   56.00000       39956.34    
   56.09910       39956.34    
   56.19820       39956.34    
   56.29730       39956.34    
   56.39640       39956.34    
   56.49549       40327.53    
   56.59459       40327.53    
   56.69370       40327.53    
   56.79279       40401.77    
   56.89189       40401.77    
   56.99099       40401.77    
   57.09009       40401.77    
   57.18919       40401.77    
   57.28829       41172.71    
   57.38739       41172.71    
   57.48649       41172.71    
   57.58559       41172.71    
   57.68468       41882.36    
   57.78378       41882.36    
   57.88288       41882.36    
   57.98198       41882.36    
   58.08108       42103.62    
   58.18018       42045.41    
   58.27928       42045.41    
   58.37838       42045.41    
   58.47748       42045.41    
   58.57658       42045.41    
   58.67567       42045.41    
   58.77478       42045.41    
   58.87387       42045.41    
   58.97297       43257.47    
   59.07207       43257.47    
   59.17117       43257.47    
   59.27027       43257.47    
   59.36937       43257.47    
   59.46847       43950.37    
   59.56757       43950.37    
   59.66667       43950.37    
   59.76577       43984.52    
   59.86486       43984.52    
   59.96396       43984.52    
   60.06306       43984.52    
   60.16216       43984.52    
   60.26126       44424.42    
   60.36036       44424.42    
   60.45946       44424.42    
   60.55856       45077.76    
   60.65766       45288.34    
   60.75676       45288.34    
   60.85585       45288.34    
   60.95496       45288.34    
   61.05405       45763.45    
   61.15315       45763.45    
   61.25225       45763.45    
   61.35135       45763.45    
   61.45045       45763.45    
   61.54955       45763.45    
   61.64865       45763.45    
   61.74775       45763.45    
   61.84685       45763.45    
   61.94595       46523.26    
   62.04504       46523.26    
   62.14415       46523.26    
   62.24324       46523.26    
   62.34234       47310.62    
   62.44144       47501.67    
   62.54054       47501.67    
   62.63964       47501.67    
   62.73874       47717.15    
   62.83784       47717.15    
   62.93694       47717.15    
   63.03604       47717.15    
   63.13514       47717.15    
   63.23423       47896.19    
   63.33333       47896.19    
   63.43243       47896.19    
   63.53153       48453.91    
   63.63063       48453.91    
   63.72973       48453.91    
   63.82883       48453.91    
   63.92793       48453.91    
   64.02702       48453.91    
   64.12613       48453.91    
   64.22523       48453.91    
   64.32433       48453.91    
   64.42342       48453.91    
   64.52252       48453.91    
   64.62162       48453.91    
   64.72072       48453.91    
   64.81982       48453.91    
   64.91892       48453.91    
   65.01802       48453.91    
   65.11712       48453.91    
   65.21622       48453.91    
   65.31532       50665.16    
   65.41441       50665.16    
   65.51351       50665.16    
   65.61261       50665.16    
   65.71171       50665.16    
   65.81081       50665.16    
   65.90991       50665.16    
   66.00901       50665.16    
   66.10811       50665.16    
   66.20721       51618.36    
   66.30630       51618.36    
   66.40540       51618.36    
   66.50450       51618.36    
   66.60361       51618.36    
   66.70271       51618.36    
   66.80180       51618.36    
   66.90090       51618.36    
   67.00000       52800.12    
   67.09910       52800.12    
   67.19820       52800.12    
   67.29729       52800.12    
   67.39639       52800.12    
   67.49550       52800.12    
   67.59460       52800.12    
   67.69370       52800.12    
   67.79279       53668.19    
   67.89189       53668.19    
   67.99099       53668.19    
   68.09009       53668.19    
   68.18919       53668.19    
   68.28829       53668.19    
   68.38739       53668.19    
   68.48649       53668.19    
   68.58559       53668.19    
   68.68468       54999.32    
   68.78378       54999.32    
   68.88288       54999.32    
   68.98198       54999.32    
   69.08108       54999.32    
   69.18018       54999.32    
   69.27928       54999.32    
   69.37838       54999.32    
   69.47748       54999.32    
   69.57658       54999.32    
   69.67567       54999.32    
   69.77477       54999.32    
   69.87387       54999.32    
   69.97298       54999.32    
   70.07207       54999.32    
   70.17117       54999.32    
   70.27027       54999.32    
   70.36937       54999.32    
   70.46847       57234.81    
   70.56757       57234.81    
   70.66666       57234.81    
   70.76576       57234.81    
   70.86487       57234.81    
   70.96397       57234.81    
   71.06306       57234.81    
   71.16216       57234.81    
   71.26126       57761.93    
   71.36036       57761.93    
   71.45946       57761.93    
   71.55856       57761.93    
   71.65766       57761.93    
   71.75676       57761.93    
   71.85586       57761.93    
   71.95496       57761.93    
   72.05405       59171.82    
   72.15315       59171.82    
   72.25225       59171.82    
   72.35135       59171.82    
   72.45045       59171.82    
   72.54955       59171.82    
   72.64865       59171.82    
   72.74775       59171.82    
   72.84685       59171.82    
   72.94595       59871.49    
   73.04504       59871.49    
   73.14414       59871.49    
   73.24324       59871.49    
   73.34234       59871.49    
   73.44144       59871.49    
   73.54054       59871.49    
   73.63964       59871.49    
   73.73874       61358.09    
   73.83784       61358.09    
   73.93694       61358.09    
   74.03603       61358.09    
   74.13513       61358.09    
   74.23424       61358.09    
   74.33334       61358.09    
   74.43243       61358.09    
   74.53153       61957.81    
   74.63063       61957.81    
   74.72973       61957.81    
   74.82883       61957.81    
   74.92793       61957.81    
   75.02702       61957.81    
   75.12613       61957.81    
   75.22523       61957.81    
   75.32433       61957.81    
   75.42342       61957.81    
   75.52252       61957.81    
   75.62162       61957.81    
   75.72072       61957.81    
   75.81982       61957.81    
   75.91892       61957.81    
   76.01802       61957.81    
   76.11712       61957.81    
   76.21622       61957.81    
   76.31532       64201.85    
   76.41441       64201.85    
   76.51351       64201.85    
   76.61261       64201.85    
   76.71171       64201.85    
   76.81081       64201.85    
   76.90991       64201.85    
   77.00901       64201.85    
   77.10811       64201.85    
   77.20721       65599.88    
   77.30630       65599.88    
   77.40540       65599.88    
   77.50450       65599.88    
   77.60361       65599.88    
   77.70271       65599.88    
   77.80180       65599.88    
   77.90090       65599.88    
   78.00000       66420.08    
   78.09910       66420.08    
   78.19820       66420.08    
   78.29729       66420.08    
   78.39639       66420.08    
   78.49550       66420.08    
   78.59460       66420.08    
   78.69370       66420.08    
   78.79279       67716.09    
   78.89189       67716.09    
   78.99099       67716.09    
   79.09009       67716.09    
   79.18919       67716.09    
   79.28829       67716.09    
   79.38739       67716.09    
   79.48649       67716.09    
   79.58559       67716.09    
   79.68468       68686.92    
   79.78378       68686.92    
   79.88288       68686.92    
   79.98198       68686.92    
   80.08108       68686.92    
   80.18018       68686.92    
   80.27928       68686.92    
   80.37838       68686.92    
   80.47748       68686.92    
   80.57658       68686.92    
   80.67567       68686.92    
   80.77477       68686.92    
   80.87387       68686.92    
   80.97298       68686.92    
   81.07207       68686.92    
   81.17117       68686.92    
   81.27027       68686.92    
   81.36937       68686.92    
   81.46847       71027.58    
   81.56757       71027.58    
   81.66666       71027.58    
   81.76576       71027.58    
   81.86487       71027.58    
   81.96397       71027.58    
   82.06306       71027.58    
   82.16216       71027.58    
   82.26126       72026.09    
   82.36036       72026.09    
   82.45946       72026.09    
   82.55856       72026.09    
   82.65766       72026.09    
   82.75676       72026.09    
   82.85586       72026.09    
   82.95496       72026.09    
   83.05405       73104.17    
   83.15315       73104.17    
   83.25225       73104.17    
   83.35135       73104.17    
   83.45045       73104.17    
   83.54955       73104.17    
   83.64865       73104.17    
   83.74775       73104.17    
   83.84685       73104.17    
   83.94595       74159.92    
   84.04504       74159.92    
   84.14414       74159.92    
   84.24324       74159.92    
   84.34234       74159.92    
   84.44144       74159.92    
   84.54054       74159.92    
   84.63964       74159.92    
   84.73874       75455.91    
   84.83784       75455.91    
   84.93694       75455.91    
   85.03603       75455.91    
   85.13513       75455.91    
   85.23424       75455.91    
   85.33334       75455.91    
   85.43243       75455.91    
   85.53153       76450.18    
   85.63063       76450.18    
   85.72973       76450.18    
   85.82883       76450.18    
   85.92793       76450.18    
   86.02702       76450.18    
   86.12613       76450.18    
   86.22523       76450.18    
   86.32433       76450.18    
   86.42342       76450.18    
   86.52252       76450.18    
   86.62162       76450.18    
   86.72072       76450.18    
   86.81982       76450.18    
   86.91892       76450.18    
   87.01802       76450.18    
   87.11712       76450.18    
   87.21622       76450.18    
   87.31532       78660.44    
   87.41441       78660.44    
   87.51351       78660.44    
   87.61261       78660.44    
   87.71171       78660.44    
   87.81081       78660.44    
   87.90991       78660.44    
   88.00901       78660.44    
   88.10811       78660.44    
   88.20721       80011.81    
   88.30630       80011.81    
   88.40540       80011.81    
   88.50450       80011.81    
   88.60361       80011.81    
   88.70271       80011.81    
   88.80180       80011.81    
   88.90090       80011.81    
   89.00000       80855.50    
   89.09910       80855.50    
   89.19820       80855.50    
   89.29729       80855.50    
   89.39639       80855.50    
   89.49550       80855.50    
   89.59460       80855.50    
   89.69370       80855.50    
   89.79279       82210.06    
   89.89189       82210.06    
   89.99099       82210.06    
   90.09009       82210.06    
   90.18919       82210.06    
   90.28829       82210.06    
   90.38739       82210.06    
   90.48649       82210.06    
   90.58559       82210.06    
   90.68468       83151.12    
   90.78378       83151.12    
   90.88288       83151.12    
   90.98198       83151.12    
   91.08108       83151.12    
   91.18018       83151.12    
   91.27928       83151.12    
   91.37838       83151.12    
   91.47748       83151.12    
   91.57658       83151.12    
   91.67567       83151.12    
   91.77477       83151.12    
   91.87387       83151.12    
   91.97298       83151.12    
   92.07207       83151.12    
   92.17117       83151.12    
   92.27027       83151.12    
   92.36937       83151.12    
   92.46847       85510.40    
   92.56757       85510.40    
   92.66666       85510.40    
   92.76576       85510.40    
   92.86487       85510.40    
   92.96397       85510.40    
   93.06306       85510.40    
   93.16216       85510.40    
   93.26126       86749.86    
   93.36036       86749.86    
   93.45946       86749.86    
   93.55856       86749.86    
   93.65766       86749.86    
   93.75676       86749.86    
   93.85586       86749.86    
   93.95496       86749.86    
   94.05405       87722.28    
   94.15315       87722.28    
   94.25225       87722.28    
   94.35135       87722.28    
   94.45045       87722.28    
   94.54955       87722.28    
   94.64865       87722.28    
   94.74775       87722.28    
   94.84685       87722.28    
   94.94595       89092.62    
   95.04504       89092.62    
   95.14414       89092.62    
   95.24324       89092.62    
   95.34234       89092.62    
   95.44144       89092.62    
   95.54054       89092.62    
   95.63964       89092.62    
   95.73874       90155.06    
   95.83784       90155.06    
   95.93694       90155.06    
   96.03603       90155.06    
   96.13513       90155.06    
   96.23424       90155.06    
   96.33334       90155.06    
   96.43243       90155.06    
   96.53153       91483.05    
   96.63063       91483.05    
   96.72973       91483.05    
   96.82883       91483.05    
   96.92793       91483.05    
   97.02702       91483.05    
   97.12613       91483.05    
   97.22523       91483.05    
   97.32433       91483.05    
   97.42342       91483.05    
   97.52252       91483.05    
   97.62162       91483.05    
   97.72072       91483.05    
   97.81982       91483.05    
   97.91892       91483.05    
   98.01802       91483.05    
   98.11712       91483.05    
   98.21622       91483.05    
   98.31532       93599.34    
   98.41441       93599.34    
   98.51351       93599.34    
   98.61261       93599.34    
   98.71171       93599.34    
   98.81081       93599.34    
   98.90991       93599.34    
   99.00901       93599.34    
   99.10811       93599.34    
   99.20721       94843.12    
   99.30630       94843.12    
   99.40540       94843.12    
   99.50450       94843.12    
   99.60361       94843.12    
   99.70271       94843.12    
   99.80180       94843.12    
   99.90090       94843.12    
   100.0000       95991.15    
