 AA		CEXT
   1.000000       34.89124    
   1.099099       43.21068    
   1.198198       47.67700    
   1.297297       52.98280    
   1.396396       57.80687    
   1.495495       55.44446    
   1.594595       54.48875    
   1.693694       57.70465    
   1.792793       54.53956    
   1.891892       53.13245    
   1.990991       62.42133    
   2.090090       71.62250    
   2.189189       77.03590    
   2.288288       95.81641    
   2.387387       118.6637    
   2.486486       134.7574    
   2.585586       149.0446    
   2.684685       176.3576    
   2.783784       194.5957    
   2.882883       187.4184    
   2.981982       205.3972    
   3.081081       209.2884    
   3.180180       196.2678    
   3.279279       195.7218    
   3.378378       212.1198    
   3.477478       212.1198    
   3.576576       212.1198    
   3.675676       231.6272    
   3.774775       235.6213    
   3.873874       259.4303    
   3.972973       288.9221    
   4.072072       335.4496    
   4.171171       347.8459    
   4.270270       375.0420    
   4.369370       375.0420    
   4.468469       375.0420    
   4.567567       375.0420    
   4.666667       436.2615    
   4.765766       473.0396    
   4.864865       422.7309    
   4.963964       425.7953    
   5.063063       438.1176    
   5.162162       435.5821    
   5.261261       444.3482    
   5.360360       483.0197    
   5.459459       516.5530    
   5.558558       516.5530    
   5.657658       588.1243    
   5.756757       642.0170    
   5.855856       662.7753    
   5.954955       692.3765    
   6.054054       737.3821    
   6.153153       749.9481    
   6.252252       733.8615    
   6.351351       750.8784    
   6.450450       756.3934    
   6.549550       722.9153    
   6.648649       732.2433    
   6.747748       769.0106    
   6.846847       769.1816    
   6.945946       774.5648    
   7.045045       842.0917    
   7.144144       869.5801    
   7.243243       906.7859    
   7.342342       970.6034    
   7.441442       970.6034    
   7.540541       1078.716    
   7.639640       1083.447    
   7.738739       1135.261    
   7.837838       1118.265    
   7.936937       1112.477    
   8.036036       1125.342    
   8.135135       1145.136    
   8.234234       1114.644    
   8.333333       1117.931    
   8.432432       1159.806    
   8.531531       1159.806    
   8.630630       1159.806    
   8.729730       1271.013    
   8.828829       1343.893    
   8.927928       1359.240    
   9.027027       1437.880    
   9.126126       1506.558    
   9.225225       1504.320    
   9.324325       1504.320    
   9.423424       1504.320    
   9.522523       1593.223    
   9.621622       1550.023    
   9.720720       1550.023    
   9.819819       1550.023    
   9.918919       1540.713    
   10.01802       1583.494    
   10.11712       1639.358    
   10.21622       1638.721    
   10.31532       1693.662    
   10.41441       1810.150    
   10.51351       1847.655    
   10.61261       1898.201    
   10.71171       1973.363    
   10.81081       2025.610    
   10.90991       2023.263    
   11.00901       2059.004    
   11.10811       2059.004    
   11.20721       2059.004    
   11.30631       2049.717    
   11.40541       2081.008    
   11.50450       2081.008    
   11.60360       2081.008    
   11.70270       2114.176    
   11.80180       2222.292    
   11.90090       2185.620    
   12.00000       2271.675    
   12.09910       2372.311    
   12.19820       2400.359    
   12.29730       2475.419    
   12.39640       2475.419    
   12.49550       2475.419    
   12.59459       2583.049    
   12.69369       2630.758    
   12.79279       2630.758    
   12.89189       2630.758    
   12.99099       2641.556    
   13.09009       2648.656    
   13.18919       2633.621    
   13.28829       2633.952    
   13.38739       2720.321    
   13.48649       2772.702    
   13.58559       2799.393    
   13.68468       2905.396    
   13.78378       3021.329    
   13.88288       3041.857    
   13.98198       3103.413    
   14.08108       3195.741    
   14.18018       3195.741    
   14.27928       3195.741    
   14.37838       3226.912    
   14.47748       3260.578    
   14.57658       3260.578    
   14.67568       3260.578    
   14.77477       3265.174    
   14.87387       3232.461    
   14.97297       3276.389    
   15.07207       3361.898    
   15.17117       3440.448    
   15.27027       3484.202    
   15.36937       3484.202    
   15.46847       3484.202    
   15.56757       3701.959    
   15.66667       3776.046    
   15.76577       3843.243    
   15.86487       3844.175    
   15.96396       3846.682    
   16.06306       3871.731    
   16.16216       3871.731    
   16.26126       3823.168    
   16.36036       3823.168    
   16.45946       3915.235    
   16.55856       3906.626    
   16.65766       3999.402    
   16.75676       3999.402    
   16.85586       4137.715    
   16.95495       4137.715    
   17.05405       4310.457    
   17.15315       4310.457    
   17.25225       4310.457    
   17.35135       4473.144    
   17.45045       4473.144    
   17.54955       4473.144    
   17.64865       4505.712    
   17.74775       4505.712    
   17.84685       4505.712    
   17.94595       4628.925    
   18.04505       4628.925    
   18.14414       4667.819    
   18.24324       4667.819    
   18.34234       4705.037    
   18.44144       4833.085    
   18.54054       4862.933    
   18.63964       4862.933    
   18.73874       5066.644    
   18.83784       5066.644    
   18.93694       5153.885    
   19.03604       5209.167    
   19.13514       5209.167    
   19.23423       5196.666    
   19.33333       5196.666    
   19.43243       5267.478    
   19.53153       5317.161    
   19.63063       5317.161    
   19.72973       5317.161    
   19.82883       5368.053    
   19.92793       5368.053    
   20.02703       5495.664    
   20.12613       5495.664    
   20.22523       5689.410    
   20.32432       5751.110    
   20.42342       5751.110    
   20.52252       5751.110    
   20.62162       5892.941    
   20.72072       5892.941    
   20.81982       6001.546    
   20.91892       6017.110    
   21.01802       6017.110    
   21.11712       6040.907    
   21.21622       6040.907    
   21.31532       6009.530    
   21.41442       6009.530    
   21.51351       6152.900    
   21.61261       6152.900    
   21.71171       6320.940    
   21.81081       6320.940    
   21.90991       6473.270    
   22.00901       6473.270    
   22.10811       6473.270    
   22.20721       6655.242    
   22.30631       6655.242    
   22.40541       6748.279    
   22.50451       6828.222    
   22.60360       6828.222    
   22.70270       6759.416    
   22.80180       6791.496    
   22.90090       6791.496    
   23.00000       6833.403    
   23.09910       6833.403    
   23.19820       7088.293    
   23.29730       7068.548    
   23.39640       7068.548    
   23.49549       7264.736    
   23.59459       7295.631    
   23.69369       7295.631    
   23.79279       7501.458    
   23.89189       7501.458    
   23.99099       7501.458    
   24.09009       7565.047    
   24.18919       7565.047    
   24.28829       7518.048    
   24.38739       7518.048    
   24.48649       7647.852    
   24.58558       7647.852    
   24.68468       7692.455    
   24.78378       7692.455    
   24.88288       7846.540    
   24.98198       7846.540    
   25.08108       8056.599    
   25.18018       8157.295    
   25.27928       8157.295    
   25.37838       8262.824    
   25.47748       8262.824    
   25.57658       8262.824    
   25.67568       8341.076    
   25.77477       8395.299    
   25.87387       8395.299    
   25.97297       8364.463    
   26.07207       8364.463    
   26.17117       8537.754    
   26.27027       8537.754    
   26.36937       8537.754    
   26.46847       8706.775    
   26.56757       8740.527    
   26.66667       8740.527    
   26.76577       8991.894    
   26.86486       8991.894    
   26.96396       9066.910    
   27.06306       9168.101    
   27.16216       9168.101    
   27.26126       9163.349    
   27.36036       9163.349    
   27.45946       9300.026    
   27.55856       9275.051    
   27.65766       9257.361    
   27.75676       9257.361    
   27.85586       9377.329    
   27.95495       9377.329    
   28.05405       9534.911    
   28.15315       9534.911    
   28.25225       9534.911    
   28.35135       9792.010    
   28.45045       9792.010    
   28.54955       9792.010    
   28.64865       9981.879    
   28.74775       9981.879    
   28.84685       9981.879    
   28.94595       10057.82    
   29.04505       10057.82    
   29.14414       10188.90    
   29.24324       10188.90    
   29.34234       10198.35    
   29.44144       10310.01    
   29.54054       10347.14    
   29.63964       10347.14    
   29.73874       10531.24    
   29.83784       10531.24    
   29.93694       10646.79    
   30.03604       10776.13    
   30.13514       10776.13    
   30.23423       10881.67    
   30.33333       10881.67    
   30.43243       11039.26    
   30.53153       11021.36    
   30.63063       11021.36    
   30.72973       11021.36    
   30.82883       11112.06    
   30.92793       11112.06    
   31.02703       11175.55    
   31.12613       11175.55    
   31.22523       11309.42    
   31.32432       11391.64    
   31.42342       11391.64    
   31.52252       11391.64    
   31.62162       11652.10    
   31.72072       11652.10    
   31.81982       11923.34    
   31.91892       11839.32    
   32.01802       11839.32    
   32.11712       11839.32    
   32.21622       11839.32    
   32.31532       11986.62    
   32.41441       11986.62    
   32.51351       11986.62    
   32.61261       11986.62    
   32.71171       12206.54    
   32.81081       12206.54    
   32.90991       12206.54    
   33.00901       12206.54    
   33.10811       12206.54    
   33.20721       12692.13    
   33.30630       12692.13    
   33.40541       12692.13    
   33.50451       12855.21    
   33.60360       12855.21    
   33.70270       12855.21    
   33.80180       12855.21    
   33.90090       12855.21    
   34.00000       12999.29    
   34.09910       12999.29    
   34.19820       12999.29    
   34.29730       12999.29    
   34.39640       12999.29    
   34.49549       13368.45    
   34.59459       13368.45    
   34.69370       13368.45    
   34.79279       13692.13    
   34.89189       13692.13    
   34.99099       13692.13    
   35.09009       13692.13    
   35.18919       13692.13    
   35.28829       13907.24    
   35.38739       13907.24    
   35.48649       13907.24    
   35.58559       13907.24    
   35.68468       14068.61    
   35.78378       14068.61    
   35.88288       14068.61    
   35.98198       14068.61    
   36.08108       14374.61    
   36.18018       14572.16    
   36.27928       14572.16    
   36.37838       14572.16    
   36.47748       14572.16    
   36.57658       14572.16    
   36.67567       14572.16    
   36.77478       14572.16    
   36.87387       14572.16    
   36.97297       14967.82    
   37.07207       14967.82    
   37.17117       14967.82    
   37.27027       14967.82    
   37.36937       14967.82    
   37.46847       15299.32    
   37.56757       15299.32    
   37.66667       15299.32    
   37.76577       15541.42    
   37.86486       15541.42    
   37.96396       15541.42    
   38.06306       15541.42    
   38.16216       15541.42    
   38.26126       15934.34    
   38.36036       15934.34    
   38.45946       15934.34    
   38.55856       16033.60    
   38.65766       16097.71    
   38.75676       16097.71    
   38.85585       16097.71    
   38.95496       16097.71    
   39.05405       16336.37    
   39.15315       16336.37    
   39.25225       16336.37    
   39.35135       16336.37    
   39.45045       16336.37    
   39.54955       16336.37    
   39.64865       16336.37    
   39.74775       16336.37    
   39.84685       16336.37    
   39.94595       17024.95    
   40.04504       17024.95    
   40.14415       17024.95    
   40.24324       17024.95    
   40.34234       17359.09    
   40.44144       17385.62    
   40.54054       17385.62    
   40.63964       17385.62    
   40.73874       17541.67    
   40.83784       17541.67    
   40.93694       17541.67    
   41.03604       17541.67    
   41.13514       17541.67    
   41.23423       18122.84    
   41.33333       18122.84    
   41.43243       18122.84    
   41.53153       18172.51    
   41.63063       18172.51    
   41.72973       18172.51    
   41.82883       18172.51    
   41.92793       18172.51    
   42.02703       18470.16    
   42.12613       18470.16    
   42.22522       18470.16    
   42.32433       18470.16    
   42.42342       18470.16    
   42.52252       18470.16    
   42.62162       18470.16    
   42.72072       18470.16    
   42.81982       19204.02    
   42.91892       19147.10    
   43.01802       19147.10    
   43.11712       19147.10    
   43.21622       19147.10    
   43.31532       19684.03    
   43.41441       19684.03    
   43.51351       19684.03    
   43.61261       19684.03    
   43.71171       19719.86    
   43.81081       19719.86    
   43.90991       19719.86    
   44.00901       19719.86    
   44.10811       19719.86    
   44.20721       20251.89    
   44.30630       20251.89    
   44.40541       20251.89    
   44.50451       20384.91    
   44.60360       20384.91    
   44.70270       20384.91    
   44.80180       20384.91    
   44.90090       20384.91    
   45.00000       20737.23    
   45.09910       20737.23    
   45.19820       20737.23    
   45.29730       20737.23    
   45.39640       20737.23    
   45.49549       21162.75    
   45.59459       21162.75    
   45.69370       21162.75    
   45.79279       21380.27    
   45.89189       21380.27    
   45.99099       21380.27    
   46.09009       21380.27    
   46.18919       21380.27    
   46.28829       21995.77    
   46.38739       21995.77    
   46.48649       21995.77    
   46.58559       21995.77    
   46.68468       22051.53    
   46.78378       22051.53    
   46.88288       22051.53    
   46.98198       22051.53    
   47.08108       22371.78    
   47.18018       22466.94    
   47.27928       22466.94    
   47.37838       22466.94    
   47.47748       22466.94    
   47.57658       22466.94    
   47.67567       22466.94    
   47.77478       22466.94    
   47.87387       22466.94    
   47.97297       23094.03    
   48.07207       23094.03    
   48.17117       23094.03    
   48.27027       23094.03    
   48.36937       23094.03    
   48.46847       23582.45    
   48.56757       23582.45    
   48.66667       23582.45    
   48.76577       23717.86    
   48.86486       23717.86    
   48.96396       23717.86    
   49.06306       23717.86    
   49.16216       23717.86    
   49.26126       24215.98    
   49.36036       24215.98    
   49.45946       24215.98    
   49.55856       24378.67    
   49.65766       24486.13    
   49.75676       24486.13    
   49.85585       24486.13    
   49.95496       24486.13    
   50.05405       24817.44    
   50.15315       24817.44    
   50.25225       24817.44    
   50.35135       24817.44    
   50.45045       24817.44    
   50.54955       24817.44    
   50.64865       24817.44    
   50.74775       24817.44    
   50.84685       24817.44    
   50.94595       25529.34    
   51.04504       25529.34    
   51.14415       25529.34    
   51.24324       25529.34    
   51.34234       25906.69    
   51.44144       26094.38    
   51.54054       26094.38    
   51.63964       26094.38    
   51.73874       26221.32    
   51.83784       26221.32    
   51.93694       26221.32    
   52.03604       26221.32    
   52.13514       26221.32    
   52.23423       26631.84    
   52.33333       26631.84    
   52.43243       26631.84    
   52.53153       26909.47    
   52.63063       26909.47    
   52.72973       26909.47    
   52.82883       26909.47    
   52.92793       26909.47    
   53.02703       27383.57    
   53.12613       27383.57    
   53.22522       27383.57    
   53.32433       27383.57    
   53.42342       27383.57    
   53.52252       27383.57    
   53.62162       27383.57    
   53.72072       27383.57    
   53.81982       28116.07    
   53.91892       28066.74    
   54.01802       28066.74    
   54.11712       28066.74    
   54.21622       28066.74    
   54.31532       28492.16    
   54.41441       28492.16    
   54.51351       28492.16    
   54.61261       28492.16    
   54.71171       28861.25    
   54.81081       28861.25    
   54.90991       28861.25    
   55.00901       28861.25    
   55.10811       28861.25    
   55.20721       29226.39    
   55.30630       29226.39    
   55.40541       29226.39    
   55.50451       29559.61    
   55.60360       29559.61    
   55.70270       29559.61    
   55.80180       29559.61    
   55.90090       29559.61    
   56.00000       30036.47    
   56.09910       30036.47    
   56.19820       30036.47    
   56.29730       30036.47    
   56.39640       30036.47    
   56.49549       30639.60    
   56.59459       30639.60    
   56.69370       30639.60    
   56.79279       30722.49    
   56.89189       30722.49    
   56.99099       30722.49    
   57.09009       30722.49    
   57.18919       30722.49    
   57.28829       31161.30    
   57.38739       31161.30    
   57.48649       31161.30    
   57.58559       31161.30    
   57.68468       31598.27    
   57.78378       31598.27    
   57.88288       31598.27    
   57.98198       31598.27    
   58.08108       32006.02    
   58.18018       31987.39    
   58.27928       31987.39    
   58.37838       31987.39    
   58.47748       31987.39    
   58.57658       31987.39    
   58.67567       31987.39    
   58.77478       31987.39    
   58.87387       31987.39    
   58.97297       32773.36    
   59.07207       32773.36    
   59.17117       32773.36    
   59.27027       32773.36    
   59.36937       32773.36    
   59.46847       33427.17    
   59.56757       33427.17    
   59.66667       33427.17    
   59.76577       33551.49    
   59.86486       33551.49    
   59.96396       33551.49    
   60.06306       33551.49    
   60.16216       33551.49    
   60.26126       33942.98    
   60.36036       33942.98    
   60.45946       33942.98    
   60.55856       34283.30    
   60.65766       34420.91    
   60.75676       34420.91    
   60.85585       34420.91    
   60.95496       34420.91    
   61.05405       34857.25    
   61.15315       34857.25    
   61.25225       34857.25    
   61.35135       34857.25    
   61.45045       34857.25    
   61.54955       34857.25    
   61.64865       34857.25    
   61.74775       34857.25    
   61.84685       34857.25    
   61.94595       35615.73    
   62.04504       35615.73    
   62.14415       35615.73    
   62.24324       35615.73    
   62.34234       36091.26    
   62.44144       36292.70    
   62.54054       36292.70    
   62.63964       36292.70    
   62.73874       36498.39    
   62.83784       36498.39    
   62.93694       36498.39    
   63.03604       36498.39    
   63.13514       36498.39    
   63.23423       36860.96    
   63.33333       36860.96    
   63.43243       36860.96    
   63.53153       37244.34    
   63.63063       37244.34    
   63.72973       37244.34    
   63.82883       37244.34    
   63.92793       37244.34    
   64.02702       37244.34    
   64.12613       37244.34    
   64.22523       37244.34    
   64.32433       37244.34    
   64.42342       37244.34    
   64.52252       37244.34    
   64.62162       37244.34    
   64.72072       37244.34    
   64.81982       37244.34    
   64.91892       37244.34    
   65.01802       37244.34    
   65.11712       37244.34    
   65.21622       37244.34    
   65.31532       39055.36    
   65.41441       39055.36    
   65.51351       39055.36    
   65.61261       39055.36    
   65.71171       39055.36    
   65.81081       39055.36    
   65.90991       39055.36    
   66.00901       39055.36    
   66.10811       39055.36    
   66.20721       39918.87    
   66.30630       39918.87    
   66.40540       39918.87    
   66.50450       39918.87    
   66.60361       39918.87    
   66.70271       39918.87    
   66.80180       39918.87    
   66.90090       39918.87    
   67.00000       40827.63    
   67.09910       40827.63    
   67.19820       40827.63    
   67.29729       40827.63    
   67.39639       40827.63    
   67.49550       40827.63    
   67.59460       40827.63    
   67.69370       40827.63    
   67.79279       41659.08    
   67.89189       41659.08    
   67.99099       41659.08    
   68.09009       41659.08    
   68.18919       41659.08    
   68.28829       41659.08    
   68.38739       41659.08    
   68.48649       41659.08    
   68.58559       41659.08    
   68.68468       42678.78    
   68.78378       42678.78    
   68.88288       42678.78    
   68.98198       42678.78    
   69.08108       42678.78    
   69.18018       42678.78    
   69.27928       42678.78    
   69.37838       42678.78    
   69.47748       42678.78    
   69.57658       42678.78    
   69.67567       42678.78    
   69.77477       42678.78    
   69.87387       42678.78    
   69.97298       42678.78    
   70.07207       42678.78    
   70.17117       42678.78    
   70.27027       42678.78    
   70.36937       42678.78    
   70.46847       44634.42    
   70.56757       44634.42    
   70.66666       44634.42    
   70.76576       44634.42    
   70.86487       44634.42    
   70.96397       44634.42    
   71.06306       44634.42    
   71.16216       44634.42    
   71.26126       45321.69    
   71.36036       45321.69    
   71.45946       45321.69    
   71.55856       45321.69    
   71.65766       45321.69    
   71.75676       45321.69    
   71.85586       45321.69    
   71.95496       45321.69    
   72.05405       46316.73    
   72.15315       46316.73    
   72.25225       46316.73    
   72.35135       46316.73    
   72.45045       46316.73    
   72.54955       46316.73    
   72.64865       46316.73    
   72.74775       46316.73    
   72.84685       46316.73    
   72.94595       47212.67    
   73.04504       47212.67    
   73.14414       47212.67    
   73.24324       47212.67    
   73.34234       47212.67    
   73.44144       47212.67    
   73.54054       47212.67    
   73.63964       47212.67    
   73.73874       48218.89    
   73.83784       48218.89    
   73.93694       48218.89    
   74.03603       48218.89    
   74.13513       48218.89    
   74.23424       48218.89    
   74.33334       48218.89    
   74.43243       48218.89    
   74.53153       49112.41    
   74.63063       49112.41    
   74.72973       49112.41    
   74.82883       49112.41    
   74.92793       49112.41    
   75.02702       49112.41    
   75.12613       49112.41    
   75.22523       49112.41    
   75.32433       49112.41    
   75.42342       49112.41    
   75.52252       49112.41    
   75.62162       49112.41    
   75.72072       49112.41    
   75.81982       49112.41    
   75.91892       49112.41    
   76.01802       49112.41    
   76.11712       49112.41    
   76.21622       49112.41    
   76.31532       51068.16    
   76.41441       51068.16    
   76.51351       51068.16    
   76.61261       51068.16    
   76.71171       51068.16    
   76.81081       51068.16    
   76.90991       51068.16    
   77.00901       51068.16    
   77.10811       51068.16    
   77.20721       52060.55    
   77.30630       52060.55    
   77.40540       52060.55    
   77.50450       52060.55    
   77.60361       52060.55    
   77.70271       52060.55    
   77.80180       52060.55    
   77.90090       52060.55    
   78.00000       53028.65    
   78.09910       53028.65    
   78.19820       53028.65    
   78.29729       53028.65    
   78.39639       53028.65    
   78.49550       53028.65    
   78.59460       53028.65    
   78.69370       53028.65    
   78.79279       54017.28    
   78.89189       54017.28    
   78.99099       54017.28    
   79.09009       54017.28    
   79.18919       54017.28    
   79.28829       54017.28    
   79.38739       54017.28    
   79.48649       54017.28    
   79.58559       54017.28    
   79.68468       55065.56    
   79.78378       55065.56    
   79.88288       55065.56    
   79.98198       55065.56    
   80.08108       55065.56    
   80.18018       55065.56    
   80.27928       55065.56    
   80.37838       55065.56    
   80.47748       55065.56    
   80.57658       55065.56    
   80.67567       55065.56    
   80.77477       55065.56    
   80.87387       55065.56    
   80.97298       55065.56    
   81.07207       55065.56    
   81.17117       55065.56    
   81.27027       55065.56    
   81.36937       55065.56    
   81.46847       57154.02    
   81.56757       57154.02    
   81.66666       57154.02    
   81.76576       57154.02    
   81.86487       57154.02    
   81.96397       57154.02    
   82.06306       57154.02    
   82.16216       57154.02    
   82.26126       58059.09    
   82.36036       58059.09    
   82.45946       58059.09    
   82.55856       58059.09    
   82.65766       58059.09    
   82.75676       58059.09    
   82.85586       58059.09    
   82.95496       58059.09    
   83.05405       59088.05    
   83.15315       59088.05    
   83.25225       59088.05    
   83.35135       59088.05    
   83.45045       59088.05    
   83.54955       59088.05    
   83.64865       59088.05    
   83.74775       59088.05    
   83.84685       59088.05    
   83.94595       60152.77    
   84.04504       60152.77    
   84.14414       60152.77    
   84.24324       60152.77    
   84.34234       60152.77    
   84.44144       60152.77    
   84.54054       60152.77    
   84.63964       60152.77    
   84.73874       61243.59    
   84.83784       61243.59    
   84.93694       61243.59    
   85.03603       61243.59    
   85.13513       61243.59    
   85.23424       61243.59    
   85.33334       61243.59    
   85.43243       61243.59    
   85.53153       62378.52    
   85.63063       62378.52    
   85.72973       62378.52    
   85.82883       62378.52    
   85.92793       62378.52    
   86.02702       62378.52    
   86.12613       62378.52    
   86.22523       62378.52    
   86.32433       62378.52    
   86.42342       62378.52    
   86.52252       62378.52    
   86.62162       62378.52    
   86.72072       62378.52    
   86.81982       62378.52    
   86.91892       62378.52    
   87.01802       62378.52    
   87.11712       62378.52    
   87.21622       62378.52    
   87.31532       64344.03    
   87.41441       64344.03    
   87.51351       64344.03    
   87.61261       64344.03    
   87.71171       64344.03    
   87.81081       64344.03    
   87.90991       64344.03    
   88.00901       64344.03    
   88.10811       64344.03    
   88.20721       65431.23    
   88.30630       65431.23    
   88.40540       65431.23    
   88.50450       65431.23    
   88.60361       65431.23    
   88.70271       65431.23    
   88.80180       65431.23    
   88.90090       65431.23    
   89.00000       66489.55    
   89.09910       66489.55    
   89.19820       66489.55    
   89.29729       66489.55    
   89.39639       66489.55    
   89.49550       66489.55    
   89.59460       66489.55    
   89.69370       66489.55    
   89.79279       67606.59    
   89.89189       67606.59    
   89.99099       67606.59    
   90.09009       67606.59    
   90.18919       67606.59    
   90.28829       67606.59    
   90.38739       67606.59    
   90.48649       67606.59    
   90.58559       67606.59    
   90.68468       68705.72    
   90.78378       68705.72    
   90.88288       68705.72    
   90.98198       68705.72    
   91.08108       68705.72    
   91.18018       68705.72    
   91.27928       68705.72    
   91.37838       68705.72    
   91.47748       68705.72    
   91.57658       68705.72    
   91.67567       68705.72    
   91.77477       68705.72    
   91.87387       68705.72    
   91.97298       68705.72    
   92.07207       68705.72    
   92.17117       68705.72    
   92.27027       68705.72    
   92.36937       68705.72    
   92.46847       70904.50    
   92.56757       70904.50    
   92.66666       70904.50    
   92.76576       70904.50    
   92.86487       70904.50    
   92.96397       70904.50    
   93.06306       70904.50    
   93.16216       70904.50    
   93.26126       71923.84    
   93.36036       71923.84    
   93.45946       71923.84    
   93.55856       71923.84    
   93.65766       71923.84    
   93.75676       71923.84    
   93.85586       71923.84    
   93.95496       71923.84    
   94.05405       73041.87    
   94.15315       73041.87    
   94.25225       73041.87    
   94.35135       73041.87    
   94.45045       73041.87    
   94.54955       73041.87    
   94.64865       73041.87    
   94.74775       73041.87    
   94.84685       73041.87    
   94.94595       74274.91    
   95.04504       74274.91    
   95.14414       74274.91    
   95.24324       74274.91    
   95.34234       74274.91    
   95.44144       74274.91    
   95.54054       74274.91    
   95.63964       74274.91    
   95.73874       75412.70    
   95.83784       75412.70    
   95.93694       75412.70    
   96.03603       75412.70    
   96.13513       75412.70    
   96.23424       75412.70    
   96.33334       75412.70    
   96.43243       75412.70    
   96.53153       76680.71    
   96.63063       76680.71    
   96.72973       76680.71    
   96.82883       76680.71    
   96.92793       76680.71    
   97.02702       76680.71    
   97.12613       76680.71    
   97.22523       76680.71    
   97.32433       76680.71    
   97.42342       76680.71    
   97.52252       76680.71    
   97.62162       76680.71    
   97.72072       76680.71    
   97.81982       76680.71    
   97.91892       76680.71    
   98.01802       76680.71    
   98.11712       76680.71    
   98.21622       76680.71    
   98.31532       78655.34    
   98.41441       78655.34    
   98.51351       78655.34    
   98.61261       78655.34    
   98.71171       78655.34    
   98.81081       78655.34    
   98.90991       78655.34    
   99.00901       78655.34    
   99.10811       78655.34    
   99.20721       79858.56    
   99.30630       79858.56    
   99.40540       79858.56    
   99.50450       79858.56    
   99.60361       79858.56    
   99.70271       79858.56    
   99.80180       79858.56    
   99.90090       79858.56    
   100.0000       81045.62    
