 AA		CEXT
   1.000000       34.92616    
   1.099099       43.26286    
   1.198198       47.74022    
   1.297297       53.06276    
   1.396396       57.90696    
   1.495495       55.54096    
   1.594595       54.58420    
   1.693694       57.81535    
   1.792793       54.63901    
   1.891892       53.21548    
   1.990991       62.52338    
   2.090090       71.78896    
   2.189189       77.21906    
   2.288288       96.04807    
   2.387387       119.0698    
   2.486486       135.3607    
   2.585586       149.6355    
   2.684685       177.1603    
   2.783784       195.8331    
   2.882883       188.4122    
   2.981982       206.5074    
   3.081081       210.6404    
   3.180180       197.4974    
   3.279279       196.8112    
   3.378378       213.3213    
   3.477478       213.3213    
   3.576576       213.3213    
   3.675676       232.9271    
   3.774775       237.1309    
   3.873874       261.5036    
   3.972973       291.1733    
   4.072072       338.3070    
   4.171171       351.2402    
   4.270270       378.9167    
   4.369370       378.9167    
   4.468469       378.9167    
   4.567567       378.9167    
   4.666667       441.6447    
   4.765766       478.6451    
   4.864865       427.7975    
   4.963964       430.8653    
   5.063063       443.4692    
   5.162162       440.8314    
   5.261261       449.5798    
   5.360360       489.1399    
   5.459459       524.0056    
   5.558558       524.0056    
   5.657658       597.2219    
   5.756757       653.2536    
   5.855856       675.0668    
   5.954955       705.3577    
   6.054054       751.9283    
   6.153153       766.5397    
   6.252252       748.7712    
   6.351351       766.0620    
   6.450450       772.5106    
   6.549550       737.6617    
   6.648649       746.6636    
   6.747748       783.9373    
   6.846847       786.6511    
   6.945946       790.5286    
   7.045045       860.0300    
   7.144144       889.9393    
   7.243243       929.4357    
   7.342342       995.8519    
   7.441442       995.8519    
   7.540541       1113.614    
   7.639640       1115.607    
   7.738739       1169.605    
   7.837838       1153.081    
   7.936937       1146.733    
   8.036036       1159.996    
   8.135135       1179.917    
   8.234234       1149.776    
   8.333333       1150.938    
   8.432432       1195.148    
   8.531531       1195.148    
   8.630630       1195.148    
   8.729730       1313.257    
   8.828829       1391.292    
   8.927928       1408.630    
   9.027027       1492.537    
   9.126126       1569.199    
   9.225225       1566.245    
   9.324325       1566.245    
   9.423424       1566.245    
   9.522523       1661.505    
   9.621622       1615.024    
   9.720720       1615.024    
   9.819819       1615.024    
   9.918919       1603.459    
   10.01802       1648.203    
   10.11712       1707.572    
   10.21622       1710.897    
   10.31532       1768.299    
   10.41441       1893.573    
   10.51351       1942.290    
   10.61261       1992.276    
   10.71171       2076.890    
   10.81081       2134.288    
   10.90991       2135.678    
   11.00901       2173.403    
   11.10811       2173.403    
   11.20721       2173.403    
   11.30631       2161.362    
   11.40541       2194.875    
   11.50450       2194.875    
   11.60360       2194.875    
   11.70270       2228.670    
   11.80180       2343.392    
   11.90090       2309.886    
   12.00000       2404.790    
   12.09910       2519.540    
   12.19820       2552.168    
   12.29730       2639.394    
   12.39640       2639.394    
   12.49550       2639.394    
   12.59459       2761.555    
   12.69369       2813.416    
   12.79279       2813.416    
   12.89189       2813.416    
   12.99099       2833.137    
   13.09009       2825.050    
   13.18919       2813.151    
   13.28829       2809.770    
   13.38739       2904.398    
   13.48649       2968.777    
   13.58559       2999.624    
   13.68468       3121.804    
   13.78378       3249.637    
   13.88288       3290.156    
   13.98198       3356.321    
   14.08108       3459.311    
   14.18018       3459.311    
   14.27928       3459.311    
   14.37838       3497.621    
   14.47748       3525.784    
   14.57658       3525.784    
   14.67568       3525.784    
   14.77477       3526.796    
   14.87387       3495.513    
   14.97297       3542.680    
   15.07207       3640.901    
   15.17117       3729.314    
   15.27027       3796.343    
   15.36937       3796.343    
   15.46847       3796.343    
   15.56757       4056.583    
   15.66667       4142.186    
   15.76577       4221.575    
   15.86487       4222.212    
   15.96396       4232.395    
   16.06306       4245.825    
   16.16216       4245.825    
   16.26126       4186.980    
   16.36036       4186.980    
   16.45946       4284.754    
   16.55856       4276.500    
   16.65766       4404.378    
   16.75676       4404.378    
   16.85586       4568.505    
   16.95495       4568.505    
   17.05405       4768.414    
   17.15315       4768.414    
   17.25225       4768.414    
   17.35135       4975.878    
   17.45045       4975.878    
   17.54955       4975.878    
   17.64865       5007.177    
   17.74775       5007.177    
   17.84685       5007.177    
   17.94595       5109.518    
   18.04505       5109.518    
   18.14414       5163.292    
   18.24324       5163.292    
   18.34234       5224.711    
   18.44144       5387.669    
   18.54054       5431.949    
   18.63964       5431.949    
   18.73874       5688.558    
   18.83784       5688.558    
   18.93694       5821.795    
   19.03604       5866.873    
   19.13514       5866.873    
   19.23423       5848.404    
   19.33333       5848.404    
   19.43243       5915.257    
   19.53153       5986.386    
   19.63063       5986.386    
   19.72973       5986.386    
   19.82883       6033.107    
   19.92793       6033.107    
   20.02703       6187.219    
   20.12613       6187.219    
   20.22523       6431.705    
   20.32432       6540.824    
   20.42342       6540.824    
   20.52252       6540.824    
   20.62162       6713.725    
   20.72072       6713.725    
   20.81982       6829.367    
   20.91892       6825.546    
   21.01802       6825.546    
   21.11712       6842.332    
   21.21622       6842.332    
   21.31532       6804.609    
   21.41442       6804.609    
   21.51351       6975.183    
   21.61261       6975.183    
   21.71171       7209.525    
   21.81081       7209.525    
   21.90991       7451.552    
   22.00901       7451.552    
   22.10811       7451.552    
   22.20721       7659.260    
   22.30631       7659.260    
   22.40541       7765.526    
   22.50451       7827.525    
   22.60360       7827.525    
   22.70270       7742.975    
   22.80180       7778.073    
   22.90090       7778.073    
   23.00000       7819.674    
   23.09910       7819.674    
   23.19820       8111.023    
   23.29730       8166.627    
   23.39640       8166.627    
   23.49549       8415.938    
   23.59459       8458.373    
   23.69369       8458.373    
   23.79279       8705.916    
   23.89189       8705.916    
   23.99099       8705.916    
   24.09009       8768.016    
   24.18919       8768.016    
   24.28829       8694.629    
   24.38739       8694.629    
   24.48649       8807.053    
   24.58558       8807.053    
   24.68468       8881.835    
   24.78378       8881.835    
   24.88288       9129.317    
   24.98198       9129.317    
   25.08108       9390.674    
   25.18018       9516.625    
   25.27928       9516.625    
   25.37838       9676.346    
   25.47748       9676.346    
   25.57658       9676.346    
   25.67568       9753.721    
   25.77477       9825.109    
   25.87387       9825.109    
   25.97297       9735.700    
   26.07207       9735.700    
   26.17117       9913.672    
   26.27027       9913.672    
   26.36937       9913.672    
   26.46847       10169.15    
   26.56757       10224.51    
   26.66667       10224.51    
   26.76577       10561.26    
   26.86486       10561.26    
   26.96396       10711.22    
   27.06306       10809.64    
   27.16216       10809.64    
   27.26126       10792.58    
   27.36036       10792.58    
   27.45946       10901.62    
   27.55856       10861.41    
   27.65766       10832.20    
   27.75676       10832.20    
   27.85586       10993.62    
   27.95495       10993.62    
   28.05405       11188.58    
   28.15315       11188.58    
   28.25225       11188.58    
   28.35135       11570.01    
   28.45045       11570.01    
   28.54955       11570.01    
   28.64865       11838.91    
   28.74775       11838.91    
   28.84685       11838.91    
   28.94595       11896.35    
   29.04505       11896.35    
   29.14414       12005.35    
   29.24324       12005.35    
   29.34234       11986.26    
   29.44144       12169.65    
   29.54054       12154.63    
   29.63964       12154.63    
   29.73874       12432.64    
   29.83784       12432.64    
   29.93694       12651.15    
   30.03604       12814.17    
   30.13514       12814.17    
   30.23423       12952.38    
   30.33333       12952.38    
   30.43243       13125.73    
   30.53153       13093.86    
   30.63063       13093.86    
   30.72973       13093.86    
   30.82883       13137.11    
   30.92793       13137.11    
   31.02703       13195.62    
   31.12613       13195.62    
   31.22523       13419.39    
   31.32432       13499.20    
   31.42342       13499.20    
   31.52252       13499.20    
   31.62162       13894.63    
   31.72072       13894.63    
   31.81982       14210.33    
   31.91892       14158.11    
   32.01802       14158.11    
   32.11712       14158.11    
   32.21622       14158.11    
   32.31532       14241.52    
   32.41441       14241.52    
   32.51351       14241.52    
   32.61261       14241.52    
   32.71171       14446.24    
   32.81081       14446.24    
   32.90991       14446.24    
   33.00901       14446.24    
   33.10811       14446.24    
   33.20721       15129.73    
   33.30630       15129.73    
   33.40541       15129.73    
   33.50451       15400.56    
   33.60360       15400.56    
   33.70270       15400.56    
   33.80180       15400.56    
   33.90090       15400.56    
   34.00000       15456.13    
   34.09910       15456.13    
   34.19820       15456.13    
   34.29730       15456.13    
   34.39640       15456.13    
   34.49549       15883.98    
   34.59459       15883.98    
   34.69370       15883.98    
   34.79279       16336.76    
   34.89189       16336.76    
   34.99099       16336.76    
   35.09009       16336.76    
   35.18919       16336.76    
   35.28829       16643.24    
   35.38739       16643.24    
   35.48649       16643.24    
   35.58559       16643.24    
   35.68468       16711.75    
   35.78378       16711.75    
   35.88288       16711.75    
   35.98198       16711.75    
   36.08108       17085.24    
   36.18018       17312.36    
   36.27928       17312.36    
   36.37838       17312.36    
   36.47748       17312.36    
   36.57658       17312.36    
   36.67567       17312.36    
   36.77478       17312.36    
   36.87387       17312.36    
   36.97297       17896.13    
   37.07207       17896.13    
   37.17117       17896.13    
   37.27027       17896.13    
   37.36937       17896.13    
   37.46847       18154.39    
   37.56757       18154.39    
   37.66667       18154.39    
   37.76577       18482.96    
   37.86486       18482.96    
   37.96396       18482.96    
   38.06306       18482.96    
   38.16216       18482.96    
   38.26126       19067.43    
   38.36036       19067.43    
   38.45946       19067.43    
   38.55856       19182.28    
   38.65766       19203.61    
   38.75676       19203.61    
   38.85585       19203.61    
   38.95496       19203.61    
   39.05405       19387.40    
   39.15315       19387.40    
   39.25225       19387.40    
   39.35135       19387.40    
   39.45045       19387.40    
   39.54955       19387.40    
   39.64865       19387.40    
   39.74775       19387.40    
   39.84685       19387.40    
   39.94595       20381.72    
   40.04504       20381.72    
   40.14415       20381.72    
   40.24324       20381.72    
   40.34234       20633.06    
   40.44144       20638.34    
   40.54054       20638.34    
   40.63964       20638.34    
   40.73874       20781.11    
   40.83784       20781.11    
   40.93694       20781.11    
   41.03604       20781.11    
   41.13514       20781.11    
   41.23423       21534.55    
   41.33333       21534.55    
   41.43243       21534.55    
   41.53153       21721.51    
   41.63063       21721.51    
   41.72973       21721.51    
   41.82883       21721.51    
   41.92793       21721.51    
   42.02703       21917.54    
   42.12613       21917.54    
   42.22522       21917.54    
   42.32433       21917.54    
   42.42342       21917.54    
   42.52252       21917.54    
   42.62162       21917.54    
   42.72072       21917.54    
   42.81982       22790.55    
   42.91892       22822.12    
   43.01802       22822.12    
   43.11712       22822.12    
   43.21622       22822.12    
   43.31532       23352.84    
   43.41441       23352.84    
   43.51351       23352.84    
   43.61261       23352.84    
   43.71171       23307.59    
   43.81081       23307.59    
   43.90991       23307.59    
   44.00901       23307.59    
   44.10811       23307.59    
   44.20721       23897.04    
   44.30630       23897.04    
   44.40541       23897.04    
   44.50451       24211.16    
   44.60360       24211.16    
   44.70270       24211.16    
   44.80180       24211.16    
   44.90090       24211.16    
   45.00000       24579.91    
   45.09910       24579.91    
   45.19820       24579.91    
   45.29730       24579.91    
   45.39640       24579.91    
   45.49549       24889.94    
   45.59459       24889.94    
   45.69370       24889.94    
   45.79279       25186.48    
   45.89189       25186.48    
   45.99099       25186.48    
   46.09009       25186.48    
   46.18919       25186.48    
   46.28829       25966.03    
   46.38739       25966.03    
   46.48649       25966.03    
   46.58559       25966.03    
   46.68468       26018.01    
   46.78378       26018.01    
   46.88288       26018.01    
   46.98198       26018.01    
   47.08108       26260.31    
   47.18018       26353.56    
   47.27928       26353.56    
   47.37838       26353.56    
   47.47748       26353.56    
   47.57658       26353.56    
   47.67567       26353.56    
   47.77478       26353.56    
   47.87387       26353.56    
   47.97297       27263.90    
   48.07207       27263.90    
   48.17117       27263.90    
   48.27027       27263.90    
   48.36937       27263.90    
   48.46847       27632.25    
   48.56757       27632.25    
   48.66667       27632.25    
   48.76577       27755.13    
   48.86486       27755.13    
   48.96396       27755.13    
   49.06306       27755.13    
   49.16216       27755.13    
   49.26126       28400.02    
   49.36036       28400.02    
   49.45946       28400.02    
   49.55856       28713.79    
   49.65766       28776.74    
   49.75676       28776.74    
   49.85585       28776.74    
   49.95496       28776.74    
   50.05405       29031.01    
   50.15315       29031.01    
   50.25225       29031.01    
   50.35135       29031.01    
   50.45045       29031.01    
   50.54955       29031.01    
   50.64865       29031.01    
   50.74775       29031.01    
   50.84685       29031.01    
   50.94595       29920.87    
   51.04504       29920.87    
   51.14415       29920.87    
   51.24324       29920.87    
   51.34234       30316.28    
   51.44144       30457.85    
   51.54054       30457.85    
   51.63964       30457.85    
   51.73874       30528.54    
   51.83784       30528.54    
   51.93694       30528.54    
   52.03604       30528.54    
   52.13514       30528.54    
   52.23423       30973.83    
   52.33333       30973.83    
   52.43243       30973.83    
   52.53153       31390.27    
   52.63063       31390.27    
   52.72973       31390.27    
   52.82883       31390.27    
   52.92793       31390.27    
   53.02703       31895.28    
   53.12613       31895.28    
   53.22522       31895.28    
   53.32433       31895.28    
   53.42342       31895.28    
   53.52252       31895.28    
   53.62162       31895.28    
   53.72072       31895.28    
   53.81982       32546.53    
   53.91892       32585.74    
   54.01802       32585.74    
   54.11712       32585.74    
   54.21622       32585.74    
   54.31532       33104.98    
   54.41441       33104.98    
   54.51351       33104.98    
   54.61261       33104.98    
   54.71171       33447.83    
   54.81081       33447.83    
   54.90991       33447.83    
   55.00901       33447.83    
   55.10811       33447.83    
   55.20721       33739.43    
   55.30630       33739.43    
   55.40541       33739.43    
   55.50451       34146.83    
   55.60360       34146.83    
   55.70270       34146.83    
   55.80180       34146.83    
   55.90090       34146.83    
   56.00000       34760.90    
   56.09910       34760.90    
   56.19820       34760.90    
   56.29730       34760.90    
   56.39640       34760.90    
   56.49549       35257.67    
   56.59459       35257.67    
   56.69370       35257.67    
   56.79279       35335.66    
   56.89189       35335.66    
   56.99099       35335.66    
   57.09009       35335.66    
   57.18919       35335.66    
   57.28829       35890.59    
   57.38739       35890.59    
   57.48649       35890.59    
   57.58559       35890.59    
   57.68468       36408.26    
   57.78378       36408.26    
   57.88288       36408.26    
   57.98198       36408.26    
   58.08108       36740.66    
   58.18018       36705.90    
   58.27928       36705.90    
   58.37838       36705.90    
   58.47748       36705.90    
   58.57658       36705.90    
   58.67567       36705.90    
   58.77478       36705.90    
   58.87387       36705.90    
   58.97297       37624.36    
   59.07207       37624.36    
   59.17117       37624.36    
   59.27027       37624.36    
   59.36937       37624.36    
   59.46847       38270.98    
   59.56757       38270.98    
   59.66667       38270.98    
   59.76577       38361.80    
   59.86486       38361.80    
   59.96396       38361.80    
   60.06306       38361.80    
   60.16216       38361.80    
   60.26126       38768.71    
   60.36036       38768.71    
   60.45946       38768.71    
   60.55856       39198.51    
   60.65766       39358.71    
   60.75676       39358.71    
   60.85585       39358.71    
   60.95496       39358.71    
   61.05405       39799.06    
   61.15315       39799.06    
   61.25225       39799.06    
   61.35135       39799.06    
   61.45045       39799.06    
   61.54955       39799.06    
   61.64865       39799.06    
   61.74775       39799.06    
   61.84685       39799.06    
   61.94595       40545.41    
   62.04504       40545.41    
   62.14415       40545.41    
   62.24324       40545.41    
   62.34234       41108.21    
   62.44144       41297.79    
   62.54054       41297.79    
   62.63964       41297.79    
   62.73874       41501.09    
   62.83784       41501.09    
   62.93694       41501.09    
   63.03604       41501.09    
   63.13514       41501.09    
   63.23423       41808.41    
   63.33333       41808.41    
   63.43243       41808.41    
   63.53153       42230.26    
   63.63063       42230.26    
   63.72973       42230.26    
   63.82883       42230.26    
   63.92793       42230.26    
   64.02702       42230.26    
   64.12613       42230.26    
   64.22523       42230.26    
   64.32433       42230.26    
   64.42342       42230.26    
   64.52252       42230.26    
   64.62162       42230.26    
   64.72072       42230.26    
   64.81982       42230.26    
   64.91892       42230.26    
   65.01802       42230.26    
   65.11712       42230.26    
   65.21622       42230.26    
   65.31532       44141.00    
   65.41441       44141.00    
   65.51351       44141.00    
   65.61261       44141.00    
   65.71171       44141.00    
   65.81081       44141.00    
   65.90991       44141.00    
   66.00901       44141.00    
   66.10811       44141.00    
   66.20721       45013.29    
   66.30630       45013.29    
   66.40540       45013.29    
   66.50450       45013.29    
   66.60361       45013.29    
   66.70271       45013.29    
   66.80180       45013.29    
   66.90090       45013.29    
   67.00000       45988.11    
   67.09910       45988.11    
   67.19820       45988.11    
   67.29729       45988.11    
   67.39639       45988.11    
   67.49550       45988.11    
   67.59460       45988.11    
   67.69370       45988.11    
   67.79279       46811.92    
   67.89189       46811.92    
   67.99099       46811.92    
   68.09009       46811.92    
   68.18919       46811.92    
   68.28829       46811.92    
   68.38739       46811.92    
   68.48649       46811.92    
   68.58559       46811.92    
   68.68468       47900.20    
   68.78378       47900.20    
   68.88288       47900.20    
   68.98198       47900.20    
   69.08108       47900.20    
   69.18018       47900.20    
   69.27928       47900.20    
   69.37838       47900.20    
   69.47748       47900.20    
   69.57658       47900.20    
   69.67567       47900.20    
   69.77477       47900.20    
   69.87387       47900.20    
   69.97298       47900.20    
   70.07207       47900.20    
   70.17117       47900.20    
   70.27027       47900.20    
   70.36937       47900.20    
   70.46847       49905.34    
   70.56757       49905.34    
   70.66666       49905.34    
   70.76576       49905.34    
   70.86487       49905.34    
   70.96397       49905.34    
   71.06306       49905.34    
   71.16216       49905.34    
   71.26126       50565.03    
   71.36036       50565.03    
   71.45946       50565.03    
   71.55856       50565.03    
   71.65766       50565.03    
   71.75676       50565.03    
   71.85586       50565.03    
   71.95496       50565.03    
   72.05405       51640.23    
   72.15315       51640.23    
   72.25225       51640.23    
   72.35135       51640.23    
   72.45045       51640.23    
   72.54955       51640.23    
   72.64865       51640.23    
   72.74775       51640.23    
   72.84685       51640.23    
   72.94595       52496.01    
   73.04504       52496.01    
   73.14414       52496.01    
   73.24324       52496.01    
   73.34234       52496.01    
   73.44144       52496.01    
   73.54054       52496.01    
   73.63964       52496.01    
   73.73874       53591.43    
   73.83784       53591.43    
   73.93694       53591.43    
   74.03603       53591.43    
   74.13513       53591.43    
   74.23424       53591.43    
   74.33334       53591.43    
   74.43243       53591.43    
   74.53153       54414.03    
   74.63063       54414.03    
   74.72973       54414.03    
   74.82883       54414.03    
   74.92793       54414.03    
   75.02702       54414.03    
   75.12613       54414.03    
   75.22523       54414.03    
   75.32433       54414.03    
   75.42342       54414.03    
   75.52252       54414.03    
   75.62162       54414.03    
   75.72072       54414.03    
   75.81982       54414.03    
   75.91892       54414.03    
   76.01802       54414.03    
   76.11712       54414.03    
   76.21622       54414.03    
   76.31532       56445.99    
   76.41441       56445.99    
   76.51351       56445.99    
   76.61261       56445.99    
   76.71171       56445.99    
   76.81081       56445.99    
   76.90991       56445.99    
   77.00901       56445.99    
   77.10811       56445.99    
   77.20721       57509.70    
   77.30630       57509.70    
   77.40540       57509.70    
   77.50450       57509.70    
   77.60361       57509.70    
   77.70271       57509.70    
   77.80180       57509.70    
   77.90090       57509.70    
   78.00000       58452.91    
   78.09910       58452.91    
   78.19820       58452.91    
   78.29729       58452.91    
   78.39639       58452.91    
   78.49550       58452.91    
   78.59460       58452.91    
   78.69370       58452.91    
   78.79279       59482.08    
   78.89189       59482.08    
   78.99099       59482.08    
   79.09009       59482.08    
   79.18919       59482.08    
   79.28829       59482.08    
   79.38739       59482.08    
   79.48649       59482.08    
   79.58559       59482.08    
   79.68468       60533.38    
   79.78378       60533.38    
   79.88288       60533.38    
   79.98198       60533.38    
   80.08108       60533.38    
   80.18018       60533.38    
   80.27928       60533.38    
   80.37838       60533.38    
   80.47748       60533.38    
   80.57658       60533.38    
   80.67567       60533.38    
   80.77477       60533.38    
   80.87387       60533.38    
   80.97298       60533.38    
   81.07207       60533.38    
   81.17117       60533.38    
   81.27027       60533.38    
   81.36937       60533.38    
   81.46847       62659.04    
   81.56757       62659.04    
   81.66666       62659.04    
   81.76576       62659.04    
   81.86487       62659.04    
   81.96397       62659.04    
   82.06306       62659.04    
   82.16216       62659.04    
   82.26126       63597.70    
   82.36036       63597.70    
   82.45946       63597.70    
   82.55856       63597.70    
   82.65766       63597.70    
   82.75676       63597.70    
   82.85586       63597.70    
   82.95496       63597.70    
   83.05405       64623.75    
   83.15315       64623.75    
   83.25225       64623.75    
   83.35135       64623.75    
   83.45045       64623.75    
   83.54955       64623.75    
   83.64865       64623.75    
   83.74775       64623.75    
   83.84685       64623.75    
   83.94595       65696.51    
   84.04504       65696.51    
   84.14414       65696.51    
   84.24324       65696.51    
   84.34234       65696.51    
   84.44144       65696.51    
   84.54054       65696.51    
   84.63964       65696.51    
   84.73874       66810.59    
   84.83784       66810.59    
   84.93694       66810.59    
   85.03603       66810.59    
   85.13513       66810.59    
   85.23424       66810.59    
   85.33334       66810.59    
   85.43243       66810.59    
   85.53153       67905.06    
   85.63063       67905.06    
   85.72973       67905.06    
   85.82883       67905.06    
   85.92793       67905.06    
   86.02702       67905.06    
   86.12613       67905.06    
   86.22523       67905.06    
   86.32433       67905.06    
   86.42342       67905.06    
   86.52252       67905.06    
   86.62162       67905.06    
   86.72072       67905.06    
   86.81982       67905.06    
   86.91892       67905.06    
   87.01802       67905.06    
   87.11712       67905.06    
   87.21622       67905.06    
   87.31532       69967.98    
   87.41441       69967.98    
   87.51351       69967.98    
   87.61261       69967.98    
   87.71171       69967.98    
   87.81081       69967.98    
   87.90991       69967.98    
   88.00901       69967.98    
   88.10811       69967.98    
   88.20721       71079.27    
   88.30630       71079.27    
   88.40540       71079.27    
   88.50450       71079.27    
   88.60361       71079.27    
   88.70271       71079.27    
   88.80180       71079.27    
   88.90090       71079.27    
   89.00000       72123.28    
   89.09910       72123.28    
   89.19820       72123.28    
   89.29729       72123.28    
   89.39639       72123.28    
   89.49550       72123.28    
   89.59460       72123.28    
   89.69370       72123.28    
   89.79279       73245.23    
   89.89189       73245.23    
   89.99099       73245.23    
   90.09009       73245.23    
   90.18919       73245.23    
   90.28829       73245.23    
   90.38739       73245.23    
   90.48649       73245.23    
   90.58559       73245.23    
   90.68468       74366.87    
   90.78378       74366.87    
   90.88288       74366.87    
   90.98198       74366.87    
   91.08108       74366.87    
   91.18018       74366.87    
   91.27928       74366.87    
   91.37838       74366.87    
   91.47748       74366.87    
   91.57658       74366.87    
   91.67567       74366.87    
   91.77477       74366.87    
   91.87387       74366.87    
   91.97298       74366.87    
   92.07207       74366.87    
   92.17117       74366.87    
   92.27027       74366.87    
   92.36937       74366.87    
   92.46847       76597.23    
   92.56757       76597.23    
   92.66666       76597.23    
   92.76576       76597.23    
   92.86487       76597.23    
   92.96397       76597.23    
   93.06306       76597.23    
   93.16216       76597.23    
   93.26126       77649.56    
   93.36036       77649.56    
   93.45946       77649.56    
   93.55856       77649.56    
   93.65766       77649.56    
   93.75676       77649.56    
   93.85586       77649.56    
   93.95496       77649.56    
   94.05405       78757.22    
   94.15315       78757.22    
   94.25225       78757.22    
   94.35135       78757.22    
   94.45045       78757.22    
   94.54955       78757.22    
   94.64865       78757.22    
   94.74775       78757.22    
   94.84685       78757.22    
   94.94595       79993.53    
   95.04504       79993.53    
   95.14414       79993.53    
   95.24324       79993.53    
   95.34234       79993.53    
   95.44144       79993.53    
   95.54054       79993.53    
   95.63964       79993.53    
   95.73874       81144.78    
   95.83784       81144.78    
   95.93694       81144.78    
   96.03603       81144.78    
   96.13513       81144.78    
   96.23424       81144.78    
   96.33334       81144.78    
   96.43243       81144.78    
   96.53153       82383.44    
   96.63063       82383.44    
   96.72973       82383.44    
   96.82883       82383.44    
   96.92793       82383.44    
   97.02702       82383.44    
   97.12613       82383.44    
   97.22523       82383.44    
   97.32433       82383.44    
   97.42342       82383.44    
   97.52252       82383.44    
   97.62162       82383.44    
   97.72072       82383.44    
   97.81982       82383.44    
   97.91892       82383.44    
   98.01802       82383.44    
   98.11712       82383.44    
   98.21622       82383.44    
   98.31532       84452.13    
   98.41441       84452.13    
   98.51351       84452.13    
   98.61261       84452.13    
   98.71171       84452.13    
   98.81081       84452.13    
   98.90991       84452.13    
   99.00901       84452.13    
   99.10811       84452.13    
   99.20721       85661.76    
   99.30630       85661.76    
   99.40540       85661.76    
   99.50450       85661.76    
   99.60361       85661.76    
   99.70271       85661.76    
   99.80180       85661.76    
   99.90090       85661.76    
   100.0000       86849.20    
