 AA		CEXT
   1.000000       34.93401    
   1.099099       43.27459    
   1.198198       47.75444    
   1.297297       53.08076    
   1.396396       57.92948    
   1.495495       55.56271    
   1.594595       54.60570    
   1.693694       57.84028    
   1.792793       54.66140    
   1.891892       53.23419    
   1.990991       62.54639    
   2.090090       71.82652    
   2.189189       77.26036    
   2.288288       96.10032    
   2.387387       119.1617    
   2.486486       135.4970    
   2.585586       149.7690    
   2.684685       177.3418    
   2.783784       196.1134    
   2.882883       188.6371    
   2.981982       206.7588    
   3.081081       210.9470    
   3.180180       197.7763    
   3.279279       197.0583    
   3.378378       213.5942    
   3.477478       213.5942    
   3.576576       213.5942    
   3.675676       233.2230    
   3.774775       237.4749    
   3.873874       261.9773    
   3.972973       291.6867    
   4.072072       338.9592    
   4.171171       352.0157    
   4.270270       379.8021    
   4.369370       379.8021    
   4.468469       379.8021    
   4.567567       379.8021    
   4.666667       442.8798    
   4.765766       479.9335    
   4.864865       428.9620    
   4.963964       432.0318    
   5.063063       444.7038    
   5.162162       442.0434    
   5.261261       450.7875    
   5.360360       490.5555    
   5.459459       525.7330    
   5.558558       525.7330    
   5.657658       599.3298    
   5.756757       655.8631    
   5.855856       677.9227    
   5.954955       708.3732    
   6.054054       755.3165    
   6.153153       770.4152    
   6.252252       752.2474    
   6.351351       769.6089    
   6.450450       776.2881    
   6.549550       741.1174    
   6.648649       750.0470    
   6.747748       787.4473    
   6.846847       790.7795    
   6.945946       794.2883    
   7.045045       864.2615    
   7.144144       894.7521    
   7.243243       934.7919    
   7.342342       1001.826    
   7.441442       1001.826    
   7.540541       1121.937    
   7.639640       1123.246    
   7.738739       1177.783    
   7.837838       1161.382    
   7.936937       1154.909    
   8.036036       1168.291    
   8.135135       1188.260    
   8.234234       1158.233    
   8.333333       1158.875    
   8.432432       1203.677    
   8.531531       1203.677    
   8.630630       1203.677    
   8.729730       1323.486    
   8.828829       1402.794    
   8.927928       1420.599    
   9.027027       1505.813    
   9.126126       1584.481    
   9.225225       1581.327    
   9.324325       1581.327    
   9.423424       1581.327    
   9.522523       1678.270    
   9.621622       1630.975    
   9.720720       1630.975    
   9.819819       1630.975    
   9.918919       1618.952    
   10.01802       1664.225    
   10.11712       1724.513    
   10.21622       1728.860    
   10.31532       1786.859    
   10.41441       1914.390    
   10.51351       1966.015    
   10.61261       2015.780    
   10.71171       2102.829    
   10.81081       2161.578    
   10.90991       2163.961    
   11.00901       2202.229    
   11.10811       2202.229    
   11.20721       2202.229    
   11.30631       2189.672    
   11.40541       2223.881    
   11.50450       2223.881    
   11.60360       2223.881    
   11.70270       2258.000    
   11.80180       2374.522    
   11.90090       2341.831    
   12.00000       2439.041    
   12.09910       2557.587    
   12.19820       2591.373    
   12.29730       2681.867    
   12.39640       2681.867    
   12.49550       2681.867    
   12.59459       2808.031    
   12.69369       2861.132    
   12.79279       2861.132    
   12.89189       2861.132    
   12.99099       2883.986    
   13.09009       2871.656    
   13.18919       2860.803    
   13.28829       2856.352    
   13.38739       2953.326    
   13.48649       3021.162    
   13.58559       3052.995    
   13.68468       3179.655    
   13.78378       3310.825    
   13.88288       3357.028    
   13.98198       3424.325    
   14.08108       3530.460    
   14.18018       3530.460    
   14.27928       3530.460    
   14.37838       3571.280    
   14.47748       3598.127    
   14.57658       3598.127    
   14.67568       3598.127    
   14.77477       3598.843    
   14.87387       3568.111    
   14.97297       3616.173    
   15.07207       3718.223    
   15.17117       3809.470    
   15.27027       3883.321    
   15.36937       3883.321    
   15.46847       3883.321    
   15.56757       4155.831    
   15.66667       4244.888    
   15.76577       4328.277    
   15.86487       4328.918    
   15.96396       4341.883    
   16.06306       4352.076    
   16.16216       4352.076    
   16.26126       4290.777    
   16.36036       4290.777    
   16.45946       4391.150    
   16.55856       4382.949    
   16.65766       4522.370    
   16.75676       4522.370    
   16.85586       4694.078    
   16.95495       4694.078    
   17.05405       4901.867    
   17.15315       4901.867    
   17.25225       4901.867    
   17.35135       5123.596    
   17.45045       5123.596    
   17.54955       5123.596    
   17.64865       5155.692    
   17.74775       5155.692    
   17.84685       5155.692    
   17.94595       5253.334    
   18.04505       5253.334    
   18.14414       5312.473    
   18.24324       5312.473    
   18.34234       5381.665    
   18.44144       5556.315    
   18.54054       5604.857    
   18.63964       5604.857    
   18.73874       5878.800    
   18.83784       5878.800    
   18.93694       6028.168    
   19.03604       6069.623    
   19.13514       6069.623    
   19.23423       6050.420    
   19.33333       6050.420    
   19.43243       6117.916    
   19.53153       6199.021    
   19.63063       6199.021    
   19.72973       6199.021    
   19.82883       6244.229    
   19.92793       6244.229    
   20.02703       6406.735    
   20.12613       6406.735    
   20.22523       6668.714    
   20.32432       6794.751    
   20.42342       6794.751    
   20.52252       6794.751    
   20.62162       6978.618    
   20.72072       6978.618    
   20.81982       7099.119    
   20.91892       7089.316    
   21.01802       7089.316    
   21.11712       7105.760    
   21.21622       7105.760    
   21.31532       7066.906    
   21.41442       7066.906    
   21.51351       7248.326    
   21.61261       7248.326    
   21.71171       7506.511    
   21.81081       7506.511    
   21.90991       7783.055    
   22.00901       7783.055    
   22.10811       7783.055    
   22.20721       7999.774    
   22.30631       7999.774    
   22.40541       8113.449    
   22.50451       8170.479    
   22.60360       8170.479    
   22.70270       8082.161    
   22.80180       8120.708    
   22.90090       8120.708    
   23.00000       8162.623    
   23.09910       8162.623    
   23.19820       8469.471    
   23.29730       8555.506    
   23.39640       8555.506    
   23.49549       8824.836    
   23.59459       8869.893    
   23.69369       8869.893    
   23.79279       9136.057    
   23.89189       9136.057    
   23.99099       9136.057    
   24.09009       9201.733    
   24.18919       9201.733    
   24.28829       9120.699    
   24.38739       9120.699    
   24.48649       9229.936    
   24.58558       9229.936    
   24.68468       9317.932    
   24.78378       9317.932    
   24.88288       9606.578    
   24.98198       9606.578    
   25.08108       9887.283    
   25.18018       10023.51    
   25.27928       10023.51    
   25.37838       10207.07    
   25.47748       10207.07    
   25.57658       10207.07    
   25.67568       10288.99    
   25.77477       10373.34    
   25.87387       10373.34    
   25.97297       10259.74    
   26.07207       10259.74    
   26.17117       10444.36    
   26.27027       10444.36    
   26.36937       10444.36    
   26.46847       10739.55    
   26.56757       10802.09    
   26.66667       10802.09    
   26.76577       11177.50    
   26.86486       11177.50    
   26.96396       11363.51    
   27.06306       11461.05    
   27.16216       11461.05    
   27.26126       11442.07    
   27.36036       11442.07    
   27.45946       11545.28    
   27.55856       11500.89    
   27.65766       11467.78    
   27.75676       11467.78    
   27.85586       11654.08    
   27.95495       11654.08    
   28.05405       11865.08    
   28.15315       11865.08    
   28.25225       11865.08    
   28.35135       12304.25    
   28.45045       12304.25    
   28.54955       12304.25    
   28.64865       12613.94    
   28.74775       12613.94    
   28.84685       12613.94    
   28.94595       12670.76    
   29.04505       12670.76    
   29.14414       12777.60    
   29.24324       12777.60    
   29.34234       12747.36    
   29.44144       12975.90    
   29.54054       12928.42    
   29.63964       12928.42    
   29.73874       13253.65    
   29.83784       13253.65    
   29.93694       13525.75    
   30.03604       13704.80    
   30.13514       13704.80    
   30.23423       13862.05    
   30.33333       13862.05    
   30.43243       14050.18    
   30.53153       14016.12    
   30.63063       14016.12    
   30.72973       14016.12    
   30.82883       14046.71    
   30.92793       14046.71    
   31.02703       14104.33    
   31.12613       14104.33    
   31.22523       14387.40    
   31.32432       14455.89    
   31.42342       14455.89    
   31.52252       14455.89    
   31.62162       14924.49    
   31.72072       14924.49    
   31.81982       15269.39    
   31.91892       15236.46    
   32.01802       15236.46    
   32.11712       15236.46    
   32.21622       15236.46    
   32.31532       15299.65    
   32.41441       15299.65    
   32.51351       15299.65    
   32.61261       15299.65    
   32.71171       15507.58    
   32.81081       15507.58    
   32.90991       15507.58    
   33.00901       15507.58    
   33.10811       15507.58    
   33.20721       16308.20    
   33.30630       16308.20    
   33.40541       16308.20    
   33.50451       16650.33    
   33.60360       16650.33    
   33.70270       16650.33    
   33.80180       16650.33    
   33.90090       16650.33    
   34.00000       16671.40    
   34.09910       16671.40    
   34.19820       16671.40    
   34.29730       16671.40    
   34.39640       16671.40    
   34.49549       17149.95    
   34.59459       17149.95    
   34.69370       17149.95    
   34.79279       17680.51    
   34.89189       17680.51    
   34.99099       17680.51    
   35.09009       17680.51    
   35.18919       17680.51    
   35.28829       18056.68    
   35.38739       18056.68    
   35.48649       18056.68    
   35.58559       18056.68    
   35.68468       18085.89    
   35.78378       18085.89    
   35.88288       18085.89    
   35.98198       18085.89    
   36.08108       18515.02    
   36.18018       18762.70    
   36.27928       18762.70    
   36.37838       18762.70    
   36.47748       18762.70    
   36.57658       18762.70    
   36.67567       18762.70    
   36.77478       18762.70    
   36.87387       18762.70    
   36.97297       19488.27    
   37.07207       19488.27    
   37.17117       19488.27    
   37.27027       19488.27    
   37.36937       19488.27    
   37.46847       19724.62    
   37.56757       19724.62    
   37.66667       19724.62    
   37.76577       20114.60    
   37.86486       20114.60    
   37.96396       20114.60    
   38.06306       20114.60    
   38.16216       20114.60    
   38.26126       20841.45    
   38.36036       20841.45    
   38.45946       20841.45    
   38.55856       20985.07    
   38.65766       20976.66    
   38.75676       20976.66    
   38.85585       20976.66    
   38.95496       20976.66    
   39.05405       21142.80    
   39.15315       21142.80    
   39.25225       21142.80    
   39.35135       21142.80    
   39.45045       21142.80    
   39.54955       21142.80    
   39.64865       21142.80    
   39.74775       21142.80    
   39.84685       21142.80    
   39.94595       22383.11    
   40.04504       22383.11    
   40.14415       22383.11    
   40.24324       22383.11    
   40.34234       22599.84    
   40.44144       22591.88    
   40.54054       22591.88    
   40.63964       22591.88    
   40.73874       22733.69    
   40.83784       22733.69    
   40.93694       22733.69    
   41.03604       22733.69    
   41.13514       22733.69    
   41.23423       23637.95    
   41.33333       23637.95    
   41.43243       23637.95    
   41.53153       23945.16    
   41.63063       23945.16    
   41.72973       23945.16    
   41.82883       23945.16    
   41.92793       23945.16    
   42.02703       24081.17    
   42.12613       24081.17    
   42.22522       24081.17    
   42.32433       24081.17    
   42.42342       24081.17    
   42.52252       24081.17    
   42.62162       24081.17    
   42.72072       24081.17    
   42.81982       25097.78    
   42.91892       25208.09    
   43.01802       25208.09    
   43.11712       25208.09    
   43.21622       25208.09    
   43.31532       25759.63    
   43.41441       25759.63    
   43.51351       25759.63    
   43.61261       25759.63    
   43.71171       25655.46    
   43.81081       25655.46    
   43.90991       25655.46    
   44.00901       25655.46    
   44.10811       25655.46    
   44.20721       26320.65    
   44.30630       26320.65    
   44.40541       26320.65    
   44.50451       26806.95    
   44.60360       26806.95    
   44.70270       26806.95    
   44.80180       26806.95    
   44.90090       26806.95    
   45.00000       27205.22    
   45.09910       27205.22    
   45.19820       27205.22    
   45.29730       27205.22    
   45.39640       27205.22    
   45.49549       27443.20    
   45.59459       27443.20    
   45.69370       27443.20    
   45.79279       27819.47    
   45.89189       27819.47    
   45.99099       27819.47    
   46.09009       27819.47    
   46.18919       27819.47    
   46.28829       28778.87    
   46.38739       28778.87    
   46.48649       28778.87    
   46.58559       28778.87    
   46.68468       28836.75    
   46.78378       28836.75    
   46.88288       28836.75    
   46.98198       28836.75    
   47.08108       29028.15    
   47.18018       29126.69    
   47.27928       29126.69    
   47.37838       29126.69    
   47.47748       29126.69    
   47.57658       29126.69    
   47.67567       29126.69    
   47.77478       29126.69    
   47.87387       29126.69    
   47.97297       30348.42    
   48.07207       30348.42    
   48.17117       30348.42    
   48.27027       30348.42    
   48.36937       30348.42    
   48.46847       30626.20    
   48.56757       30626.20    
   48.66667       30626.20    
   48.76577       30746.39    
   48.86486       30746.39    
   48.96396       30746.39    
   49.06306       30746.39    
   49.16216       30746.39    
   49.26126       31562.79    
   49.36036       31562.79    
   49.45946       31562.79    
   49.55856       32075.92    
   49.65766       32068.89    
   49.75676       32068.89    
   49.85585       32068.89    
   49.95496       32068.89    
   50.05405       32268.06    
   50.15315       32268.06    
   50.25225       32268.06    
   50.35135       32268.06    
   50.45045       32268.06    
   50.54955       32268.06    
   50.64865       32268.06    
   50.74775       32268.06    
   50.84685       32268.06    
   50.94595       33400.60    
   51.04504       33400.60    
   51.14415       33400.60    
   51.24324       33400.60    
   51.34234       33827.48    
   51.44144       33927.35    
   51.54054       33927.35    
   51.63964       33927.35    
   51.73874       33946.54    
   51.83784       33946.54    
   51.93694       33946.54    
   52.03604       33946.54    
   52.13514       33946.54    
   52.23423       34452.28    
   52.33333       34452.28    
   52.43243       34452.28    
   52.53153       35057.76    
   52.63063       35057.76    
   52.72973       35057.76    
   52.82883       35057.76    
   52.92793       35057.76    
   53.02703       35617.57    
   53.12613       35617.57    
   53.22522       35617.57    
   53.32433       35617.57    
   53.42342       35617.57    
   53.52252       35617.57    
   53.62162       35617.57    
   53.72072       35617.57    
   53.81982       36220.91    
   53.91892       36362.56    
   54.01802       36362.56    
   54.11712       36362.56    
   54.21622       36362.56    
   54.31532       37007.66    
   54.41441       37007.66    
   54.51351       37007.66    
   54.61261       37007.66    
   54.71171       37344.37    
   54.81081       37344.37    
   54.90991       37344.37    
   55.00901       37344.37    
   55.10811       37344.37    
   55.20721       37562.00    
   55.30630       37562.00    
   55.40541       37562.00    
   55.50451       38091.37    
   55.60360       38091.37    
   55.70270       38091.37    
   55.80180       38091.37    
   55.90090       38091.37    
   56.00000       38899.71    
   56.09910       38899.71    
   56.19820       38899.71    
   56.29730       38899.71    
   56.39640       38899.71    
   56.49549       39294.08    
   56.59459       39294.08    
   56.69370       39294.08    
   56.79279       39366.25    
   56.89189       39366.25    
   56.99099       39366.25    
   57.09009       39366.25    
   57.18919       39366.25    
   57.28829       40087.59    
   57.38739       40087.59    
   57.48649       40087.59    
   57.58559       40087.59    
   57.68468       40750.84    
   57.78378       40750.84    
   57.88288       40750.84    
   57.98198       40750.84    
   58.08108       40993.18    
   58.18018       40939.02    
   58.27928       40939.02    
   58.37838       40939.02    
   58.47748       40939.02    
   58.57658       40939.02    
   58.67567       40939.02    
   58.77478       40939.02    
   58.87387       40939.02    
   58.97297       42078.95    
   59.07207       42078.95    
   59.17117       42078.95    
   59.27027       42078.95    
   59.36937       42078.95    
   59.46847       42757.34    
   59.56757       42757.34    
   59.66667       42757.34    
   59.76577       42800.62    
   59.86486       42800.62    
   59.96396       42800.62    
   60.06306       42800.62    
   60.16216       42800.62    
   60.26126       43230.12    
   60.36036       43230.12    
   60.45946       43230.12    
   60.55856       43828.71    
   60.65766       44027.43    
   60.75676       44027.43    
   60.85585       44027.43    
   60.95496       44027.43    
   61.05405       44491.01    
   61.15315       44491.01    
   61.25225       44491.01    
   61.35135       44491.01    
   61.45045       44491.01    
   61.54955       44491.01    
   61.64865       44491.01    
   61.74775       44491.01    
   61.84685       44491.01    
   61.94595       45239.21    
   62.04504       45239.21    
   62.14415       45239.21    
   62.24324       45239.21    
   62.34234       45970.76    
   62.44144       46160.51    
   62.54054       46160.51    
   62.63964       46160.51    
   62.73874       46368.98    
   62.83784       46368.98    
   62.93694       46368.98    
   63.03604       46368.98    
   63.13514       46368.98    
   63.23423       46574.79    
   63.33333       46574.79    
   63.43243       46574.79    
   63.53153       47096.16    
   63.63063       47096.16    
   63.72973       47096.16    
   63.82883       47096.16    
   63.92793       47096.16    
   64.02702       47096.16    
   64.12613       47096.16    
   64.22523       47096.16    
   64.32433       47096.16    
   64.42342       47096.16    
   64.52252       47096.16    
   64.62162       47096.16    
   64.72072       47096.16    
   64.81982       47096.16    
   64.91892       47096.16    
   65.01802       47096.16    
   65.11712       47096.16    
   65.21622       47096.16    
   65.31532       49220.20    
   65.41441       49220.20    
   65.51351       49220.20    
   65.61261       49220.20    
   65.71171       49220.20    
   65.81081       49220.20    
   65.90991       49220.20    
   66.00901       49220.20    
   66.10811       49220.20    
   66.20721       50143.73    
   66.30630       50143.73    
   66.40540       50143.73    
   66.50450       50143.73    
   66.60361       50143.73    
   66.70271       50143.73    
   66.80180       50143.73    
   66.90090       50143.73    
   67.00000       51267.34    
   67.09910       51267.34    
   67.19820       51267.34    
   67.29729       51267.34    
   67.39639       51267.34    
   67.49550       51267.34    
   67.59460       51267.34    
   67.69370       51267.34    
   67.79279       52114.58    
   67.89189       52114.58    
   67.99099       52114.58    
   68.09009       52114.58    
   68.18919       52114.58    
   68.28829       52114.58    
   68.38739       52114.58    
   68.48649       52114.58    
   68.58559       52114.58    
   68.68468       53375.58    
   68.78378       53375.58    
   68.88288       53375.58    
   68.98198       53375.58    
   69.08108       53375.58    
   69.18018       53375.58    
   69.27928       53375.58    
   69.37838       53375.58    
   69.47748       53375.58    
   69.57658       53375.58    
   69.67567       53375.58    
   69.77477       53375.58    
   69.87387       53375.58    
   69.97298       53375.58    
   70.07207       53375.58    
   70.17117       53375.58    
   70.27027       53375.58    
   70.36937       53375.58    
   70.46847       55534.11    
   70.56757       55534.11    
   70.66666       55534.11    
   70.76576       55534.11    
   70.86487       55534.11    
   70.96397       55534.11    
   71.06306       55534.11    
   71.16216       55534.11    
   71.26126       56089.43    
   71.36036       56089.43    
   71.45946       56089.43    
   71.55856       56089.43    
   71.65766       56089.43    
   71.75676       56089.43    
   71.85586       56089.43    
   71.95496       56089.43    
   72.05405       57401.52    
   72.15315       57401.52    
   72.25225       57401.52    
   72.35135       57401.52    
   72.45045       57401.52    
   72.54955       57401.52    
   72.64865       57401.52    
   72.74775       57401.52    
   72.84685       57401.52    
   72.94595       58136.09    
   73.04504       58136.09    
   73.14414       58136.09    
   73.24324       58136.09    
   73.34234       58136.09    
   73.44144       58136.09    
   73.54054       58136.09    
   73.63964       58136.09    
   73.73874       59505.52    
   73.83784       59505.52    
   73.93694       59505.52    
   74.03603       59505.52    
   74.13513       59505.52    
   74.23424       59505.52    
   74.33334       59505.52    
   74.43243       59505.52    
   74.53153       60160.94    
   74.63063       60160.94    
   74.72973       60160.94    
   74.82883       60160.94    
   74.92793       60160.94    
   75.02702       60160.94    
   75.12613       60160.94    
   75.22523       60160.94    
   75.32433       60160.94    
   75.42342       60160.94    
   75.52252       60160.94    
   75.62162       60160.94    
   75.72072       60160.94    
   75.81982       60160.94    
   75.91892       60160.94    
   76.01802       60160.94    
   76.11712       60160.94    
   76.21622       60160.94    
   76.31532       62331.15    
   76.41441       62331.15    
   76.51351       62331.15    
   76.61261       62331.15    
   76.71171       62331.15    
   76.81081       62331.15    
   76.90991       62331.15    
   77.00901       62331.15    
   77.10811       62331.15    
   77.20721       63621.99    
   77.30630       63621.99    
   77.40540       63621.99    
   77.50450       63621.99    
   77.60361       63621.99    
   77.70271       63621.99    
   77.80180       63621.99    
   77.90090       63621.99    
   78.00000       64473.39    
   78.09910       64473.39    
   78.19820       64473.39    
   78.29729       64473.39    
   78.39639       64473.39    
   78.49550       64473.39    
   78.59460       64473.39    
   78.69370       64473.39    
   78.79279       65680.28    
   78.89189       65680.28    
   78.99099       65680.28    
   79.09009       65680.28    
   79.18919       65680.28    
   79.28829       65680.28    
   79.38739       65680.28    
   79.48649       65680.28    
   79.58559       65680.28    
   79.68468       66670.47    
   79.78378       66670.47    
   79.88288       66670.47    
   79.98198       66670.47    
   80.08108       66670.47    
   80.18018       66670.47    
   80.27928       66670.47    
   80.37838       66670.47    
   80.47748       66670.47    
   80.57658       66670.47    
   80.67567       66670.47    
   80.77477       66670.47    
   80.87387       66670.47    
   80.97298       66670.47    
   81.07207       66670.47    
   81.17117       66670.47    
   81.27027       66670.47    
   81.36937       66670.47    
   81.46847       68929.84    
   81.56757       68929.84    
   81.66666       68929.84    
   81.76576       68929.84    
   81.86487       68929.84    
   81.96397       68929.84    
   82.06306       68929.84    
   82.16216       68929.84    
   82.26126       69903.09    
   82.36036       69903.09    
   82.45946       69903.09    
   82.55856       69903.09    
   82.65766       69903.09    
   82.75676       69903.09    
   82.85586       69903.09    
   82.95496       69903.09    
   83.05405       70958.48    
   83.15315       70958.48    
   83.25225       70958.48    
   83.35135       70958.48    
   83.45045       70958.48    
   83.54955       70958.48    
   83.64865       70958.48    
   83.74775       70958.48    
   83.84685       70958.48    
   83.94595       72012.84    
   84.04504       72012.84    
   84.14414       72012.84    
   84.24324       72012.84    
   84.34234       72012.84    
   84.44144       72012.84    
   84.54054       72012.84    
   84.63964       72012.84    
   84.73874       73242.79    
   84.83784       73242.79    
   84.93694       73242.79    
   85.03603       73242.79    
   85.13513       73242.79    
   85.23424       73242.79    
   85.33334       73242.79    
   85.43243       73242.79    
   85.53153       74261.61    
   85.63063       74261.61    
   85.72973       74261.61    
   85.82883       74261.61    
   85.92793       74261.61    
   86.02702       74261.61    
   86.12613       74261.61    
   86.22523       74261.61    
   86.32433       74261.61    
   86.42342       74261.61    
   86.52252       74261.61    
   86.62162       74261.61    
   86.72072       74261.61    
   86.81982       74261.61    
   86.91892       74261.61    
   87.01802       74261.61    
   87.11712       74261.61    
   87.21622       74261.61    
   87.31532       76415.64    
   87.41441       76415.64    
   87.51351       76415.64    
   87.61261       76415.64    
   87.71171       76415.64    
   87.81081       76415.64    
   87.90991       76415.64    
   88.00901       76415.64    
   88.10811       76415.64    
   88.20721       77675.90    
   88.30630       77675.90    
   88.40540       77675.90    
   88.50450       77675.90    
   88.60361       77675.90    
   88.70271       77675.90    
   88.80180       77675.90    
   88.90090       77675.90    
   89.00000       78586.00    
   89.09910       78586.00    
   89.19820       78586.00    
   89.29729       78586.00    
   89.39639       78586.00    
   89.49550       78586.00    
   89.59460       78586.00    
   89.69370       78586.00    
   89.79279       79849.00    
   89.89189       79849.00    
   89.99099       79849.00    
   90.09009       79849.00    
   90.18919       79849.00    
   90.28829       79849.00    
   90.38739       79849.00    
   90.48649       79849.00    
   90.58559       79849.00    
   90.68468       80853.43    
   90.78378       80853.43    
   90.88288       80853.43    
   90.98198       80853.43    
   91.08108       80853.43    
   91.18018       80853.43    
   91.27928       80853.43    
   91.37838       80853.43    
   91.47748       80853.43    
   91.57658       80853.43    
   91.67567       80853.43    
   91.77477       80853.43    
   91.87387       80853.43    
   91.97298       80853.43    
   92.07207       80853.43    
   92.17117       80853.43    
   92.27027       80853.43    
   92.36937       80853.43    
   92.46847       83156.28    
   92.56757       83156.28    
   92.66666       83156.28    
   92.76576       83156.28    
   92.86487       83156.28    
   92.96397       83156.28    
   93.06306       83156.28    
   93.16216       83156.28    
   93.26126       84319.03    
   93.36036       84319.03    
   93.45946       84319.03    
   93.55856       84319.03    
   93.65766       84319.03    
   93.75676       84319.03    
   93.85586       84319.03    
   93.95496       84319.03    
   94.05405       85340.16    
   94.15315       85340.16    
   94.25225       85340.16    
   94.35135       85340.16    
   94.45045       85340.16    
   94.54955       85340.16    
   94.64865       85340.16    
   94.74775       85340.16    
   94.84685       85340.16    
   94.94595       86648.67    
   95.04504       86648.67    
   95.14414       86648.67    
   95.24324       86648.67    
   95.34234       86648.67    
   95.44144       86648.67    
   95.54054       86648.67    
   95.63964       86648.67    
   95.73874       87744.89    
   95.83784       87744.89    
   95.93694       87744.89    
   96.03603       87744.89    
   96.13513       87744.89    
   96.23424       87744.89    
   96.33334       87744.89    
   96.43243       87744.89    
   96.53153       89024.90    
   96.63063       89024.90    
   96.72973       89024.90    
   96.82883       89024.90    
   96.92793       89024.90    
   97.02702       89024.90    
   97.12613       89024.90    
   97.22523       89024.90    
   97.32433       89024.90    
   97.42342       89024.90    
   97.52252       89024.90    
   97.62162       89024.90    
   97.72072       89024.90    
   97.81982       89024.90    
   97.91892       89024.90    
   98.01802       89024.90    
   98.11712       89024.90    
   98.21622       89024.90    
   98.31532       91122.00    
   98.41441       91122.00    
   98.51351       91122.00    
   98.61261       91122.00    
   98.71171       91122.00    
   98.81081       91122.00    
   98.90991       91122.00    
   99.00901       91122.00    
   99.10811       91122.00    
   99.20721       92347.06    
   99.30630       92347.06    
   99.40540       92347.06    
   99.50450       92347.06    
   99.60361       92347.06    
   99.70271       92347.06    
   99.80180       92347.06    
   99.90090       92347.06    
   100.0000       93506.07    
