 AA		CEXT
   1.000000       34.93594    
   1.099099       43.27750    
   1.198198       47.75798    
   1.297297       53.08521    
   1.396396       57.93506    
   1.495495       55.56810    
   1.594595       54.61102    
   1.693694       57.84645    
   1.792793       54.66696    
   1.891892       53.23881    
   1.990991       62.55207    
   2.090090       71.83584    
   2.189189       77.27060    
   2.288288       96.11325    
   2.387387       119.1844    
   2.486486       135.5308    
   2.585586       149.8020    
   2.684685       177.3867    
   2.783784       196.1830    
   2.882883       188.6928    
   2.981982       206.8211    
   3.081081       211.0230    
   3.180180       197.8455    
   3.279279       197.1196    
   3.378378       213.6619    
   3.477478       213.6619    
   3.576576       213.6619    
   3.675676       233.2964    
   3.774775       237.5602    
   3.873874       262.0950    
   3.972973       291.8141    
   4.072072       339.1212    
   4.171171       352.2083    
   4.270270       380.0219    
   4.369370       380.0219    
   4.468469       380.0219    
   4.567567       380.0219    
   4.666667       443.1867    
   4.765766       480.2538    
   4.864865       429.2516    
   4.963964       432.3219    
   5.063063       445.0112    
   5.162162       442.3448    
   5.261261       451.0884    
   5.360360       490.9079    
   5.459459       526.1633    
   5.558558       526.1633    
   5.657658       599.8547    
   5.756757       656.5138    
   5.855856       678.6345    
   5.954955       709.1251    
   6.054054       756.1614    
   6.153153       771.3824    
   6.252252       753.1147    
   6.351351       770.4944    
   6.450450       777.2319    
   6.549550       741.9808    
   6.648649       750.8923    
   6.747748       788.3245    
   6.846847       791.8127    
   6.945946       795.2288    
   7.045045       865.3199    
   7.144144       895.9564    
   7.243243       936.1321    
   7.342342       1003.322    
   7.441442       1003.322    
   7.540541       1124.024    
   7.639640       1125.160    
   7.738739       1179.835    
   7.837838       1163.463    
   7.936937       1156.960    
   8.036036       1170.372    
   8.135135       1190.356    
   8.234234       1160.359    
   8.333333       1160.870    
   8.432432       1205.823    
   8.531531       1205.823    
   8.630630       1205.823    
   8.729730       1326.061    
   8.828829       1405.691    
   8.927928       1423.613    
   9.027027       1509.157    
   9.126126       1588.333    
   9.225225       1585.127    
   9.324325       1585.127    
   9.423424       1585.127    
   9.522523       1682.505    
   9.621622       1635.003    
   9.720720       1635.003    
   9.819819       1635.003    
   9.918919       1622.870    
   10.01802       1668.280    
   10.11712       1728.805    
   10.21622       1733.411    
   10.31532       1791.560    
   10.41441       1919.667    
   10.51351       1972.036    
   10.61261       2021.740    
   10.71171       2109.411    
   10.81081       2168.507    
   10.90991       2171.145    
   11.00901       2209.554    
   11.10811       2209.554    
   11.20721       2209.554    
   11.30631       2196.878    
   11.40541       2231.270    
   11.50450       2231.270    
   11.60360       2231.270    
   11.70270       2265.483    
   11.80180       2382.472    
   11.90090       2349.988    
   12.00000       2447.789    
   12.09910       2567.313    
   12.19820       2601.396    
   12.29730       2692.733    
   12.39640       2692.733    
   12.49550       2692.733    
   12.59459       2819.937    
   12.69369       2873.364    
   12.79279       2873.364    
   12.89189       2873.364    
   12.99099       2897.074    
   13.09009       2883.640    
   13.18919       2873.071    
   13.28829       2868.337    
   13.38739       2965.927    
   13.48649       3034.669    
   13.58559       3066.749    
   13.68468       3194.574    
   13.78378       3326.615    
   13.88288       3374.306    
   13.98198       3441.888    
   14.08108       3548.851    
   14.18018       3548.851    
   14.27928       3548.851    
   14.37838       3590.361    
   14.47748       3616.881    
   14.57658       3616.881    
   14.67568       3616.881    
   14.77477       3617.565    
   14.87387       3586.988    
   14.97297       3635.282    
   15.07207       3738.349    
   15.17117       3830.342    
   15.27027       3905.990    
   15.36937       3905.990    
   15.46847       3905.990    
   15.56757       4181.727    
   15.66667       4271.700    
   15.76577       4356.174    
   15.86487       4356.820    
   15.96396       4370.555    
   16.06306       4379.908    
   16.16216       4379.908    
   16.26126       4318.000    
   16.36036       4318.000    
   16.45946       4419.120    
   16.55856       4410.934    
   16.65766       4553.490    
   16.75676       4553.490    
   16.85586       4727.199    
   16.95495       4727.199    
   17.05405       4937.061    
   17.15315       4937.061    
   17.25225       4937.061    
   17.35135       5162.634    
   17.45045       5162.634    
   17.54955       5162.634    
   17.64865       5195.027    
   17.74775       5195.027    
   17.84685       5195.027    
   17.94595       5291.536    
   18.04505       5291.536    
   18.14414       5352.169    
   18.24324       5352.169    
   18.34234       5423.467    
   18.44144       5601.312    
   18.54054       5650.975    
   18.63964       5650.975    
   18.73874       5929.631    
   18.83784       5929.631    
   18.93694       6083.457    
   19.03604       6123.906    
   19.13514       6123.906    
   19.23423       6104.590    
   19.33333       6104.590    
   19.43243       6172.409    
   19.53153       6256.457    
   19.63063       6256.457    
   19.72973       6256.457    
   19.82883       6301.247    
   19.92793       6301.247    
   20.02703       6466.007    
   20.12613       6466.007    
   20.22523       6732.799    
   20.32432       6863.554    
   20.42342       6863.554    
   20.52252       6863.554    
   20.62162       7050.452    
   20.72072       7050.452    
   20.81982       7172.474    
   20.91892       7161.082    
   21.01802       7161.082    
   21.11712       7177.605    
   21.21622       7177.605    
   21.31532       7138.533    
   21.41442       7138.533    
   21.51351       7323.056    
   21.61261       7323.056    
   21.71171       7587.899    
   21.81081       7587.899    
   21.90991       7874.245    
   22.00901       7874.245    
   22.10811       7874.245    
   22.20721       8093.448    
   22.30631       8093.448    
   22.40541       8209.410    
   22.50451       8265.172    
   22.60360       8265.172    
   22.70270       8175.979    
   22.80180       8215.693    
   22.90090       8215.693    
   23.00000       8257.739    
   23.09910       8257.739    
   23.19820       8569.097    
   23.29730       8663.941    
   23.39640       8663.941    
   23.49549       8938.906    
   23.59459       8984.553    
   23.69369       8984.553    
   23.79279       9256.223    
   23.89189       9256.223    
   23.99099       9256.223    
   24.09009       9323.290    
   24.18919       9323.290    
   24.28829       9240.313    
   24.38739       9240.313    
   24.48649       9348.958    
   24.58558       9348.958    
   24.68468       9440.876    
   24.78378       9440.876    
   24.88288       9741.699    
   24.98198       9741.699    
   25.08108       10027.86    
   25.18018       10167.04    
   25.27928       10167.04    
   25.37838       10357.66    
   25.47748       10357.66    
   25.57658       10357.66    
   25.67568       10441.34    
   25.77477       10530.01    
   25.87387       10530.01    
   25.97297       10409.41    
   26.07207       10409.41    
   26.17117       10596.40    
   26.27027       10596.40    
   26.36937       10596.40    
   26.46847       10903.52    
   26.56757       10967.97    
   26.66667       10967.97    
   26.76577       11354.90    
   26.86486       11354.90    
   26.96396       11551.89    
   27.06306       11649.20    
   27.16216       11649.20    
   27.26126       11629.99    
   27.36036       11629.99    
   27.45946       11732.09    
   27.55856       11686.73    
   27.65766       11652.64    
   27.75676       11652.64    
   27.85586       11846.97    
   27.95495       11846.97    
   28.05405       12062.69    
   28.15315       12062.69    
   28.25225       12062.69    
   28.35135       12519.24    
   28.45045       12519.24    
   28.54955       12519.24    
   28.64865       12841.59    
   28.74775       12841.59    
   28.84685       12841.59    
   28.94595       12899.08    
   29.04505       12899.08    
   29.14414       13006.11    
   29.24324       13006.11    
   29.34234       12972.83    
   29.44144       13216.29    
   29.54054       13158.08    
   29.63964       13158.08    
   29.73874       13497.95    
   29.83784       13497.95    
   29.93694       13786.82    
   30.03604       13970.67    
   30.13514       13970.67    
   30.23423       14134.04    
   30.33333       14134.04    
   30.43243       14327.48    
   30.53153       14293.27    
   30.63063       14293.27    
   30.72973       14293.27    
   30.82883       14321.30    
   30.92793       14321.30    
   31.02703       14378.93    
   31.12613       14378.93    
   31.22523       14681.97    
   31.32432       14745.79    
   31.42342       14745.79    
   31.52252       14745.79    
   31.62162       15237.51    
   31.72072       15237.51    
   31.81982       15592.13    
   31.91892       15565.63    
   32.01802       15565.63    
   32.11712       15565.63    
   32.21622       15565.63    
   32.31532       15624.19    
   32.41441       15624.19    
   32.51351       15624.19    
   32.61261       15624.19    
   32.71171       15834.65    
   32.81081       15834.65    
   32.90991       15834.65    
   33.00901       15834.65    
   33.10811       15834.65    
   33.20721       16673.34    
   33.30630       16673.34    
   33.40541       16673.34    
   33.50451       17039.69    
   33.60360       17039.69    
   33.70270       17039.69    
   33.80180       17039.69    
   33.90090       17039.69    
   34.00000       17051.98    
   34.09910       17051.98    
   34.19820       17051.98    
   34.29730       17051.98    
   34.39640       17051.98    
   34.49549       17549.19    
   34.59459       17549.19    
   34.69370       17549.19    
   34.79279       18105.22    
   34.89189       18105.22    
   34.99099       18105.22    
   35.09009       18105.22    
   35.18919       18105.22    
   35.28829       18506.31    
   35.38739       18506.31    
   35.48649       18506.31    
   35.58559       18506.31    
   35.68468       18525.25    
   35.78378       18525.25    
   35.88288       18525.25    
   35.98198       18525.25    
   36.08108       18974.86    
   36.18018       19229.34    
   36.27928       19229.34    
   36.37838       19229.34    
   36.47748       19229.34    
   36.57658       19229.34    
   36.67567       19229.34    
   36.77478       19229.34    
   36.87387       19229.34    
   36.97297       20006.00    
   37.07207       20006.00    
   37.17117       20006.00    
   37.27027       20006.00    
   37.36937       20006.00    
   37.46847       20238.97    
   37.56757       20238.97    
   37.66667       20238.97    
   37.76577       20650.53    
   37.86486       20650.53    
   37.96396       20650.53    
   38.06306       20650.53    
   38.16216       20650.53    
   38.26126       21427.80    
   38.36036       21427.80    
   38.45946       21427.80    
   38.55856       21584.52    
   38.65766       21565.98    
   38.75676       21565.98    
   38.85585       21565.98    
   38.95496       21565.98    
   39.05405       21729.67    
   39.15315       21729.67    
   39.25225       21729.67    
   39.35135       21729.67    
   39.45045       21729.67    
   39.54955       21729.67    
   39.64865       21729.67    
   39.74775       21729.67    
   39.84685       21729.67    
   39.94595       23060.44    
   40.04504       23060.44    
   40.14415       23060.44    
   40.24324       23060.44    
   40.34234       23269.17    
   40.44144       23257.46    
   40.54054       23257.46    
   40.63964       23257.46    
   40.73874       23400.94    
   40.83784       23400.94    
   40.93694       23400.94    
   41.03604       23400.94    
   41.13514       23400.94    
   41.23423       24361.58    
   41.33333       24361.58    
   41.43243       24361.58    
   41.53153       24715.55    
   41.63063       24715.55    
   41.72973       24715.55    
   41.82883       24715.55    
   41.92793       24715.55    
   42.02703       24834.24    
   42.12613       24834.24    
   42.22522       24834.24    
   42.32433       24834.24    
   42.42342       24834.24    
   42.52252       24834.24    
   42.62162       24834.24    
   42.72072       24834.24    
   42.81982       25908.97    
   42.91892       26050.12    
   43.01802       26050.12    
   43.11712       26050.12    
   43.21622       26050.12    
   43.31532       26612.79    
   43.41441       26612.79    
   43.51351       26612.79    
   43.61261       26612.79    
   43.71171       26491.13    
   43.81081       26491.13    
   43.90991       26491.13    
   44.00901       26491.13    
   44.10811       26491.13    
   44.20721       27189.13    
   44.30630       27189.13    
   44.40541       27189.13    
   44.50451       27744.28    
   44.60360       27744.28    
   44.70270       27744.28    
   44.80180       27744.28    
   44.90090       27744.28    
   45.00000       28157.89    
   45.09910       28157.89    
   45.19820       28157.89    
   45.29730       28157.89    
   45.39640       28157.89    
   45.49549       28374.84    
   45.59459       28374.84    
   45.69370       28374.84    
   45.79279       28784.25    
   45.89189       28784.25    
   45.99099       28784.25    
   46.09009       28784.25    
   46.18919       28784.25    
   46.28829       29817.68    
   46.38739       29817.68    
   46.48649       29817.68    
   46.58559       29817.68    
   46.68468       29883.16    
   46.78378       29883.16    
   46.88288       29883.16    
   46.98198       29883.16    
   47.08108       30060.86    
   47.18018       30162.35    
   47.27928       30162.35    
   47.37838       30162.35    
   47.47748       30162.35    
   47.57658       30162.35    
   47.67567       30162.35    
   47.77478       30162.35    
   47.87387       30162.35    
   47.97297       31517.42    
   48.07207       31517.42    
   48.17117       31517.42    
   48.27027       31517.42    
   48.36937       31517.42    
   48.46847       31765.66    
   48.56757       31765.66    
   48.66667       31765.66    
   48.76577       31889.22    
   48.86486       31889.22    
   48.96396       31889.22    
   49.06306       31889.22    
   49.16216       31889.22    
   49.26126       32779.78    
   49.36036       32779.78    
   49.45946       32779.78    
   49.55856       33386.63    
   49.65766       33344.65    
   49.75676       33344.65    
   49.85585       33344.65    
   49.95496       33344.65    
   50.05405       33529.95    
   50.15315       33529.95    
   50.25225       33529.95    
   50.35135       33529.95    
   50.45045       33529.95    
   50.54955       33529.95    
   50.64865       33529.95    
   50.74775       33529.95    
   50.84685       33529.95    
   50.94595       34778.66    
   51.04504       34778.66    
   51.14415       34778.66    
   51.24324       34778.66    
   51.34234       35221.70    
   51.44144       35305.38    
   51.54054       35305.38    
   51.63964       35305.38    
   51.73874       35309.05    
   51.83784       35309.05    
   51.93694       35309.05    
   52.03604       35309.05    
   52.13514       35309.05    
   52.23423       35847.34    
   52.33333       35847.34    
   52.43243       35847.34    
   52.53153       36542.09    
   52.63063       36542.09    
   52.72973       36542.09    
   52.82883       36542.09    
   52.92793       36542.09    
   53.02703       37133.52    
   53.12613       37133.52    
   53.22522       37133.52    
   53.32433       37133.52    
   53.42342       37133.52    
   53.52252       37133.52    
   53.62162       37133.52    
   53.72072       37133.52    
   53.81982       37729.47    
   53.91892       37920.67    
   54.01802       37920.67    
   54.11712       37920.67    
   54.21622       37920.67    
   54.31532       38623.26    
   54.41441       38623.26    
   54.51351       38623.26    
   54.61261       38623.26    
   54.71171       38966.61    
   54.81081       38966.61    
   54.90991       38966.61    
   55.00901       38966.61    
   55.10811       38966.61    
   55.20721       39160.36    
   55.30630       39160.36    
   55.40541       39160.36    
   55.50451       39752.84    
   55.60360       39752.84    
   55.70270       39752.84    
   55.80180       39752.84    
   55.90090       39752.84    
   56.00000       40657.97    
   56.09910       40657.97    
   56.19820       40657.97    
   56.29730       40657.97    
   56.39640       40657.97    
   56.49549       41014.67    
   56.59459       41014.67    
   56.69370       41014.67    
   56.79279       41091.27    
   56.89189       41091.27    
   56.99099       41091.27    
   57.09009       41091.27    
   57.18919       41091.27    
   57.28829       41896.47    
   57.38739       41896.47    
   57.48649       41896.47    
   57.58559       41896.47    
   57.68468       42638.70    
   57.78378       42638.70    
   57.88288       42638.70    
   57.98198       42638.70    
   58.08108       42846.75    
   58.18018       42786.21    
   58.27928       42786.21    
   58.37838       42786.21    
   58.47748       42786.21    
   58.57658       42786.21    
   58.67567       42786.21    
   58.77478       42786.21    
   58.87387       42786.21    
   58.97297       44049.39    
   59.07207       44049.39    
   59.17117       44049.39    
   59.27027       44049.39    
   59.36937       44049.39    
   59.46847       44753.34    
   59.56757       44753.34    
   59.66667       44753.34    
   59.76577       44782.61    
   59.86486       44782.61    
   59.96396       44782.61    
   60.06306       44782.61    
   60.16216       44782.61    
   60.26126       45230.65    
   60.36036       45230.65    
   60.45946       45230.65    
   60.55856       45922.64    
   60.65766       46141.42    
   60.75676       46141.42    
   60.85585       46141.42    
   60.95496       46141.42    
   61.05405       46625.57    
   61.15315       46625.57    
   61.25225       46625.57    
   61.35135       46625.57    
   61.45045       46625.57    
   61.54955       46625.57    
   61.64865       46625.57    
   61.74775       46625.57    
   61.84685       46625.57    
   61.94595       47396.46    
   62.04504       47396.46    
   62.14415       47396.46    
   62.24324       47396.46    
   62.34234       48223.39    
   62.44144       48415.60    
   62.54054       48415.60    
   62.63964       48415.60    
   62.73874       48637.44    
   62.83784       48637.44    
   62.93694       48637.44    
   63.03604       48637.44    
   63.13514       48637.44    
   63.23423       48799.36    
   63.33333       48799.36    
   63.43243       48799.36    
   63.53153       49383.83    
   63.63063       49383.83    
   63.72973       49383.83    
   63.82883       49383.83    
   63.92793       49383.83    
   64.02702       49383.83    
   64.12613       49383.83    
   64.22523       49383.83    
   64.32433       49383.83    
   64.42342       49383.83    
   64.52252       49383.83    
   64.62162       49383.83    
   64.72072       49383.83    
   64.81982       49383.83    
   64.91892       49383.83    
   65.01802       49383.83    
   65.11712       49383.83    
   65.21622       49383.83    
   65.31532       51661.55    
   65.41441       51661.55    
   65.51351       51661.55    
   65.61261       51661.55    
   65.71171       51661.55    
   65.81081       51661.55    
   65.90991       51661.55    
   66.00901       51661.55    
   66.10811       51661.55    
   66.20721       52639.36    
   66.30630       52639.36    
   66.40540       52639.36    
   66.50450       52639.36    
   66.60361       52639.36    
   66.70271       52639.36    
   66.80180       52639.36    
   66.90090       52639.36    
   67.00000       53864.87    
   67.09910       53864.87    
   67.19820       53864.87    
   67.29729       53864.87    
   67.39639       53864.87    
   67.49550       53864.87    
   67.59460       53864.87    
   67.69370       53864.87    
   67.79279       54751.64    
   67.89189       54751.64    
   67.99099       54751.64    
   68.09009       54751.64    
   68.18919       54751.64    
   68.28829       54751.64    
   68.38739       54751.64    
   68.48649       54751.64    
   68.58559       54751.64    
   68.68468       56136.07    
   68.78378       56136.07    
   68.88288       56136.07    
   68.98198       56136.07    
   69.08108       56136.07    
   69.18018       56136.07    
   69.27928       56136.07    
   69.37838       56136.07    
   69.47748       56136.07    
   69.57658       56136.07    
   69.67567       56136.07    
   69.77477       56136.07    
   69.87387       56136.07    
   69.97298       56136.07    
   70.07207       56136.07    
   70.17117       56136.07    
   70.27027       56136.07    
   70.36937       56136.07    
   70.46847       58434.15    
   70.56757       58434.15    
   70.66666       58434.15    
   70.76576       58434.15    
   70.86487       58434.15    
   70.96397       58434.15    
   71.06306       58434.15    
   71.16216       58434.15    
   71.26126       58944.52    
   71.36036       58944.52    
   71.45946       58944.52    
   71.55856       58944.52    
   71.65766       58944.52    
   71.75676       58944.52    
   71.85586       58944.52    
   71.95496       58944.52    
   72.05405       60428.85    
   72.15315       60428.85    
   72.25225       60428.85    
   72.35135       60428.85    
   72.45045       60428.85    
   72.54955       60428.85    
   72.64865       60428.85    
   72.74775       60428.85    
   72.84685       60428.85    
   72.94595       61107.08    
   73.04504       61107.08    
   73.14414       61107.08    
   73.24324       61107.08    
   73.34234       61107.08    
   73.44144       61107.08    
   73.54054       61107.08    
   73.63964       61107.08    
   73.73874       62684.16    
   73.83784       62684.16    
   73.93694       62684.16    
   74.03603       62684.16    
   74.13513       62684.16    
   74.23424       62684.16    
   74.33334       62684.16    
   74.43243       62684.16    
   74.53153       63245.94    
   74.63063       63245.94    
   74.72973       63245.94    
   74.82883       63245.94    
   74.92793       63245.94    
   75.02702       63245.94    
   75.12613       63245.94    
   75.22523       63245.94    
   75.32433       63245.94    
   75.42342       63245.94    
   75.52252       63245.94    
   75.62162       63245.94    
   75.72072       63245.94    
   75.81982       63245.94    
   75.91892       63245.94    
   76.01802       63245.94    
   76.11712       63245.94    
   76.21622       63245.94    
   76.31532       65552.77    
   76.41441       65552.77    
   76.51351       65552.77    
   76.61261       65552.77    
   76.71171       65552.77    
   76.81081       65552.77    
   76.90991       65552.77    
   77.00901       65552.77    
   77.10811       65552.77    
   77.20721       67036.93    
   77.30630       67036.93    
   77.40540       67036.93    
   77.50450       67036.93    
   77.60361       67036.93    
   77.70271       67036.93    
   77.80180       67036.93    
   77.90090       67036.93    
   78.00000       67836.50    
   78.09910       67836.50    
   78.19820       67836.50    
   78.29729       67836.50    
   78.39639       67836.50    
   78.49550       67836.50    
   78.59460       67836.50    
   78.69370       67836.50    
   78.79279       69205.19    
   78.89189       69205.19    
   78.99099       69205.19    
   79.09009       69205.19    
   79.18919       69205.19    
   79.28829       69205.19    
   79.38739       69205.19    
   79.48649       69205.19    
   79.58559       69205.19    
   79.68468       70164.88    
   79.78378       70164.88    
   79.88288       70164.88    
   79.98198       70164.88    
   80.08108       70164.88    
   80.18018       70164.88    
   80.27928       70164.88    
   80.37838       70164.88    
   80.47748       70164.88    
   80.57658       70164.88    
   80.67567       70164.88    
   80.77477       70164.88    
   80.87387       70164.88    
   80.97298       70164.88    
   81.07207       70164.88    
   81.17117       70164.88    
   81.27027       70164.88    
   81.36937       70164.88    
   81.46847       72577.20    
   81.56757       72577.20    
   81.66666       72577.20    
   81.76576       72577.20    
   81.86487       72577.20    
   81.96397       72577.20    
   82.06306       72577.20    
   82.16216       72577.20    
   82.26126       73600.49    
   82.36036       73600.49    
   82.45946       73600.49    
   82.55856       73600.49    
   82.65766       73600.49    
   82.75676       73600.49    
   82.85586       73600.49    
   82.95496       73600.49    
   83.05405       74699.73    
   83.15315       74699.73    
   83.25225       74699.73    
   83.35135       74699.73    
   83.45045       74699.73    
   83.54955       74699.73    
   83.64865       74699.73    
   83.74775       74699.73    
   83.84685       74699.73    
   83.94595       75761.20    
   84.04504       75761.20    
   84.14414       75761.20    
   84.24324       75761.20    
   84.34234       75761.20    
   84.44144       75761.20    
   84.54054       75761.20    
   84.63964       75761.20    
   84.73874       77114.22    
   84.83784       77114.22    
   84.93694       77114.22    
   85.03603       77114.22    
   85.13513       77114.22    
   85.23424       77114.22    
   85.33334       77114.22    
   85.43243       77114.22    
   85.53153       78093.14    
   85.63063       78093.14    
   85.72973       78093.14    
   85.82883       78093.14    
   85.92793       78093.14    
   86.02702       78093.14    
   86.12613       78093.14    
   86.22523       78093.14    
   86.32433       78093.14    
   86.42342       78093.14    
   86.52252       78093.14    
   86.62162       78093.14    
   86.72072       78093.14    
   86.81982       78093.14    
   86.91892       78093.14    
   87.01802       78093.14    
   87.11712       78093.14    
   87.21622       78093.14    
   87.31532       80358.29    
   87.41441       80358.29    
   87.51351       80358.29    
   87.61261       80358.29    
   87.71171       80358.29    
   87.81081       80358.29    
   87.90991       80358.29    
   88.00901       80358.29    
   88.10811       80358.29    
   88.20721       81788.79    
   88.30630       81788.79    
   88.40540       81788.79    
   88.50450       81788.79    
   88.60361       81788.79    
   88.70271       81788.79    
   88.80180       81788.79    
   88.90090       81788.79    
   89.00000       82581.44    
   89.09910       82581.44    
   89.19820       82581.44    
   89.29729       82581.44    
   89.39639       82581.44    
   89.49550       82581.44    
   89.59460       82581.44    
   89.69370       82581.44    
   89.79279       84016.55    
   89.89189       84016.55    
   89.99099       84016.55    
   90.09009       84016.55    
   90.18919       84016.55    
   90.28829       84016.55    
   90.38739       84016.55    
   90.48649       84016.55    
   90.58559       84016.55    
   90.68468       84908.63    
   90.78378       84908.63    
   90.88288       84908.63    
   90.98198       84908.63    
   91.08108       84908.63    
   91.18018       84908.63    
   91.27928       84908.63    
   91.37838       84908.63    
   91.47748       84908.63    
   91.57658       84908.63    
   91.67567       84908.63    
   91.77477       84908.63    
   91.87387       84908.63    
   91.97298       84908.63    
   92.07207       84908.63    
   92.17117       84908.63    
   92.27027       84908.63    
   92.36937       84908.63    
   92.46847       87324.24    
   92.56757       87324.24    
   92.66666       87324.24    
   92.76576       87324.24    
   92.86487       87324.24    
   92.96397       87324.24    
   93.06306       87324.24    
   93.16216       87324.24    
   93.26126       88634.02    
   93.36036       88634.02    
   93.45946       88634.02    
   93.55856       88634.02    
   93.65766       88634.02    
   93.75676       88634.02    
   93.85586       88634.02    
   93.95496       88634.02    
   94.05405       89568.28    
   94.15315       89568.28    
   94.25225       89568.28    
   94.35135       89568.28    
   94.45045       89568.28    
   94.54955       89568.28    
   94.64865       89568.28    
   94.74775       89568.28    
   94.84685       89568.28    
   94.94595       90997.66    
   95.04504       90997.66    
   95.14414       90997.66    
   95.24324       90997.66    
   95.34234       90997.66    
   95.44144       90997.66    
   95.54054       90997.66    
   95.63964       90997.66    
   95.73874       92034.06    
   95.83784       92034.06    
   95.93694       92034.06    
   96.03603       92034.06    
   96.13513       92034.06    
   96.23424       92034.06    
   96.33334       92034.06    
   96.43243       92034.06    
   96.53153       93409.69    
   96.63063       93409.69    
   96.72973       93409.69    
   96.82883       93409.69    
   96.92793       93409.69    
   97.02702       93409.69    
   97.12613       93409.69    
   97.22523       93409.69    
   97.32433       93409.69    
   97.42342       93409.69    
   97.52252       93409.69    
   97.62162       93409.69    
   97.72072       93409.69    
   97.81982       93409.69    
   97.91892       93409.69    
   98.01802       93409.69    
   98.11712       93409.69    
   98.21622       93409.69    
   98.31532       95550.91    
   98.41441       95550.91    
   98.51351       95550.91    
   98.61261       95550.91    
   98.71171       95550.91    
   98.81081       95550.91    
   98.90991       95550.91    
   99.00901       95550.91    
   99.10811       95550.91    
   99.20721       96815.72    
   99.30630       96815.72    
   99.40540       96815.72    
   99.50450       96815.72    
   99.60361       96815.72    
   99.70271       96815.72    
   99.80180       96815.72    
   99.90090       96815.72    
   100.0000       97958.67    
